BTC_62100_ENTRY - FULL FRAME ANALYSIS
========================================================================================================================
Frame                  Luma   Size     RightW   BotR   BotG   BotC   BotY   MidT   MidG   MidP   MidB  
========================================================================================================================
day2_62100_0001.jpg    20.3   71093    4787     110    75     261    378    1600   89     50     158   
day2_62100_0002.jpg    19.9   80001    4658     115    56     275    400    1801   87     47     149   
day2_62100_0003.jpg    20.3   116668   4686     94     71     291    403    1495   78     58     157   
day2_62100_0004.jpg    20.3   116036   4684     96     71     291    403    1416   78     50     157   
day2_62100_0005.jpg    20.5   102818   4574     99     120    295    404    1452   80     41     131   
day2_62100_0006.jpg    21.5   93354    4571     1157   105    492    459    1425   89     42     134   
day2_62100_0007.jpg    21.5   75024    4575     1115   119    474    438    1396   89     29     153   
day2_62100_0008.jpg    21.5   67319    4582     1093   131    443    408    1357   92     20     160   
day2_62100_0009.jpg    21.5   58780    4537     1049   135    399    436    1285   103    34     122   
day2_62100_0010.jpg    21.5   52075    4540     1106   131    421    422    1259   92     27     133   
day2_62100_0011.jpg    21.5   47144    4580     1096   135    371    396    1257   89     27     133   
day2_62100_0012.jpg    21.5   43491    4549     999    151    303    371    1193   82     29     138   
day2_62100_0013.jpg    21.5   41548    4497     969    156    274    355    1122   96     12     136   
day2_62100_0014.jpg    21.5   41534    4497     969    156    274    355    1122   96     11     154   
day2_62100_0015.jpg    21.4   41474    4621     972    148    274    363    1119   96     14     155   
day2_62100_0016.jpg    21.4   41570    4617     944    118    274    363    1112   96     19     154   
day2_62100_0017.jpg    21.1   39765    4600     982    118    274    363    1115   96     22     154   
day2_62100_0018.jpg    21.3   40483    4627     1049   122    354    436    1194   68     18     144   
day2_62100_0019.jpg    21.3   40916    4605     1089   126    361    425    1197   61     18     145   
day2_62100_0020.jpg    21.6   41483    4637     853    121    689    434    2197   61     15     145   
day2_62100_0021.jpg    21.6   41532    4644     791    117    437    450    2284   98     20     146   
day2_62100_0022.jpg    21.3   40868    4644     1186   119    307    450    663    98     27     146   
day2_62100_0023.jpg    21.4   41253    4644     1043   117    389    450    1167   98     18     146   
day2_62100_0024.jpg    21.3   40817    4645     1018   107    424    450    1145   98     18     146   
day2_62100_0025.jpg    21.4   41093    4649     1014   106    400    450    1161   98     17     146   
day2_62100_0026.jpg    21.3   40878    4638     1015   106    399    450    1188   98     17     146   
day2_62100_0027.jpg    21.4   41115    4659     1017   104    412    448    1165   98     15     146   
day2_62100_0028.jpg    21.0   39284    4633     1013   104    412    448    1197   98     15     146   
day2_62100_0029.jpg    21.4   40915    4653     1007   104    420    448    1194   98     14     146   
day2_62100_0030.jpg    21.4   41126    4653     989    104    444    448    1184   98     14     146   
day2_62100_0031.jpg    21.7   41650    4644     950    117    410    438    1213   96     35     194   
day2_62100_0032.jpg    21.8   41921    4639     979    117    418    438    1190   96     52     217   
day2_62100_0033.jpg    21.8   42185    4628     984    116    414    437    1196   96     51     192   
day2_62100_0034.jpg    21.5   41555    4644     984    116    414    437    1094   88     40     153   
day2_62100_0035.jpg    21.5   41551    4649     991    116    414    437    1131   88     39     156   
day2_62100_0036.jpg    21.5   41670    4641     984    116    414    437    1131   88     42     156   
day2_62100_0037.jpg    22.0   42488    4634     983    116    414    437    1183   89     45     198   
day2_62100_0038.jpg    21.8   42404    4633     961    116    414    437    1171   89     35     191   
day2_62100_0039.jpg    21.5   41572    4633     949    114    388    438    1168   89     35     157   
day2_62100_0040.jpg    21.5   41958    4634     943    119    308    438    1155   89     35     151   
day2_62100_0041.jpg    21.9   41771    4633     919    119    357    438    1176   89     35     163   
day2_62100_0042.jpg    21.9   41989    4638     919    119    357    438    1184   89     35     205   
day2_62100_0043.jpg    21.9   42039    4646     919    119    357    438    1179   89     35     211   
day2_62100_0044.jpg    21.5   41292    4645     955    119    406    438    1139   89     35     151   
day2_62100_0045.jpg    21.5   41658    4625     948    108    365    438    1143   89     35     151   
day2_62100_0046.jpg    22.0   42367    4633     979    111    365    438    1162   89     36     195   
day2_62100_0047.jpg    21.5   41215    4631     972    114    380    438    1169   89     35     151   
day2_62100_0048.jpg    21.4   41364    4647     1028   114    448    438    1142   89     18     151   
day2_62100_0049.jpg    21.4   41449    4652     998    116    516    438    1119   89     16     151   
day2_62100_0050.jpg    21.6   42080    4653     906    114    444    438    1634   89     21     151   
day2_62100_0051.jpg    21.1   39730    4611     854    112    441    404    1677   99     25     160   
day2_62100_0052.jpg    21.5   41566    4628     850    112    446    404    1677   99     25     159   
day2_62100_0053.jpg    21.6   41378    4637     876    112    446    404    1676   99     25     159   
day2_62100_0054.jpg    21.6   41680    4648     870    113    446    404    1676   99     25     159   
day2_62100_0055.jpg    21.6   41572    4641     826    113    436    404    1656   99     25     159   
day2_62100_0056.jpg    21.2   39870    4620     863    113    447    404    1687   103    25     159   
day2_62100_0057.jpg    22.2   38869    4619     862    116    447    406    5      94     26     1752  
day2_62100_0058.jpg    22.6   40653    4633     857    116    423    404    5      98     20     1670  
day2_62100_0059.jpg    22.6   40907    4648     869    116    431    404    5      92     21     1675  
day2_62100_0060.jpg    22.6   40713    4648     871    116    431    404    5      92     20     1664  
day2_62100_0061.jpg    22.8   41322    4663     885    116    495    429    4      104    10     1754  
day2_62100_0062.jpg    22.9   41440    4664     913    116    527    429    4      104    9      1657  
day2_62100_0063.jpg    22.9   41565    4681     913    116    527    429    4      104    10     1657  
day2_62100_0064.jpg    22.6   41218    4657     913    116    527    428    4      104    17     1736  
day2_62100_0065.jpg    22.2   39252    4642     913    116    527    428    4      104    18     1726  
day2_62100_0066.jpg    21.5   41708    4667     913    116    527    428    1641   86     30     141   
day2_62100_0067.jpg    21.6   42174    4657     913    116    527    428    1641   92     26     141   
day2_62100_0068.jpg    21.5   42200    4678     913    116    527    428    1624   92     26     141   
day2_62100_0069.jpg    21.9   42509    4673     913    116    527    428    1584   92     32     142   
day2_62100_0070.jpg    21.9   42526    4660     913    116    527    428    1536   92     28     141   
day2_62100_0071.jpg    21.9   42392    4669     913    116    527    428    1557   92     26     141   
day2_62100_0072.jpg    21.6   42087    4668     882    116    417    428    1566   92     26     141   
day2_62100_0073.jpg    21.9   42805    4678     908    116    545    428    1624   92     29     141   
day2_62100_0074.jpg    21.9   42432    4661     909    115    544    430    1603   92     26     141   
day2_62100_0075.jpg    21.9   42787    4681     915    115    544    430    1637   92     26     141   