BTC_62100_ENTRY - STRIDE ANALYSIS
Frame                 Luma    Size      C_R     C_G     C_B     RedPx   GrnPx   Teal    Blue    Gold    Purple  BotR    BotC    WhtAnn  IndY    
day2_62100_0001.jpg   21.2    71093     21.5    21.3    20.3    51      0       34      3       1       0       3       2       68      21.0    
day2_62100_0002.jpg   20.3    80001     20.7    20.3    19.3    56      0       33      3       0       0       4       3       66      20.5    
day2_62100_0003.jpg   20.3    116668    20.5    20.4    19.3    52      0       24      3       0       2       3       4       67      20.9    
day2_62100_0004.jpg   19.9    116036    20.1    20.1    19.0    37      0       27      3       0       1       3       4       66      21.0    
day2_62100_0005.jpg   21.5    102818    21.6    21.6    20.6    41      0       28      3       1       1       3       4       66      21.4    
day2_62100_0006.jpg   21.5    93354     21.6    21.6    20.5    40      0       25      3       0       0       11      9       68      24.5    
day2_62100_0007.jpg   21.5    75024     21.6    21.6    20.5    43      0       26      3       2       0       8       8       68      24.5    
day2_62100_0008.jpg   21.5    67319     21.7    21.6    20.6    35      0       26      4       1       0       9       6       65      24.4    
day2_62100_0009.jpg   21.6    58780     21.7    21.7    20.6    34      0       25      3       1       0       7       6       63      24.6    
day2_62100_0010.jpg   21.5    52075     21.7    21.6    20.6    34      0       26      3       0       0       10      7       66      24.7    
day2_62100_0011.jpg   21.6    47144     21.8    21.7    20.7    36      0       22      1       1       0       5       7       69      24.5    
day2_62100_0012.jpg   21.6    43491     21.7    21.7    20.6    33      0       23      1       1       0       7       8       72      24.5    
day2_62100_0013.jpg   21.5    41548     21.7    21.6    20.6    36      0       23      1       0       0       5       5       68      24.5    
day2_62100_0014.jpg   21.5    41534     21.7    21.6    20.6    37      0       23      2       0       0       5       5       68      24.5    
day2_62100_0015.jpg   20.2    41474     20.3    20.3    19.2    37      0       23      2       0       0       5       5       68      24.3    
day2_62100_0016.jpg   20.2    41570     20.4    20.3    19.3    40      0       23      2       0       0       5       5       70      24.4    
day2_62100_0017.jpg   20.1    39765     20.3    20.2    19.2    39      0       23      2       0       0       5       5       69      23.7    
day2_62100_0018.jpg   20.1    40483     20.1    20.2    19.2    29      1       26      2       0       0       15      4       70      23.7    
day2_62100_0019.jpg   20.5    40916     20.7    20.6    19.5    32      1       25      2       0       0       16      5       69      23.6    
day2_62100_0020.jpg   20.9    41483     21.3    20.9    19.9    38      0       33      2       0       0       3       11      69      23.8    
day2_62100_0021.jpg   22.5    41532     22.9    22.5    21.5    41      0       34      2       0       0       2       10      72      23.8    
day2_62100_0022.jpg   21.4    40868     21.5    21.5    20.5    31      0       17      2       0       1       11      11      72      23.8    
day2_62100_0023.jpg   21.6    41253     21.8    21.7    20.7    31      0       19      2       0       0       1       9       72      23.8    
day2_62100_0024.jpg   20.3    40817     20.4    20.4    19.3    29      0       21      2       0       0       11      9       74      23.9    
day2_62100_0025.jpg   22.0    41093     22.3    22.1    21.1    39      0       20      2       0       0       6       7       76      23.9    
day2_62100_0026.jpg   20.5    40878     20.7    20.6    19.6    39      0       22      2       0       0       6       7       73      23.7    
day2_62100_0027.jpg   20.3    41115     20.5    20.4    19.4    40      0       22      2       0       0       5       7       74      23.7    
day2_62100_0028.jpg   20.2    39284     20.5    20.3    19.3    42      0       21      2       0       0       5       7       74      23.5    
day2_62100_0029.jpg   20.2    40915     20.5    20.3    19.3    43      0       21      2       0       0       5       7       73      26.2    
day2_62100_0030.jpg   20.0    41126     20.3    20.1    19.1    45      0       21      2       0       0       5       8       72      23.9    
day2_62100_0031.jpg   20.4    41650     20.6    20.5    19.5    46      0       22      3       1       0       7       12      73      24.6    
day2_62100_0032.jpg   20.3    41921     20.3    20.4    19.3    46      0       20      4       1       0       9       12      72      25.3    
day2_62100_0033.jpg   20.9    42185     21.0    21.1    20.0    45      0       21      3       1       0       9       12      73      25.3    
day2_62100_0034.jpg   21.0    41555     21.0    21.1    20.1    42      0       19      2       1       0       9       12      72      23.8    
day2_62100_0035.jpg   21.1    41551     21.2    21.2    20.2    40      0       19      2       1       0       7       12      73      23.9    
day2_62100_0036.jpg   21.1    41670     21.2    21.3    20.3    45      0       19      2       1       0       8       12      73      24.0    
day2_62100_0037.jpg   20.8    42488     20.9    20.9    19.8    46      0       22      5       1       1       7       12      73      25.0    
day2_62100_0038.jpg   20.5    42404     20.6    20.6    19.5    46      0       22      3       1       0       7       12      72      25.2    
day2_62100_0039.jpg   20.6    41572     20.7    20.8    19.6    44      0       18      2       1       0       7       12      73      23.9    
day2_62100_0040.jpg   21.1    41958     21.0    21.3    20.1    43      0       19      2       1       0       7       5       75      24.0    
day2_62100_0041.jpg   20.9    41771     20.8    21.2    20.0    43      0       22      2       1       0       7       9       72      25.2    
day2_62100_0042.jpg   20.7    41989     20.6    20.9    19.8    46      0       21      5       1       0       7       9       70      25.2    
day2_62100_0043.jpg   21.6    42039     21.4    21.8    20.6    46      0       21      3       1       0       7       9       72      25.2    
day2_62100_0044.jpg   21.3    41292     21.2    21.5    20.3    44      0       21      2       1       0       7       11      73      23.8    
day2_62100_0045.jpg   20.7    41658     20.6    20.9    19.8    45      0       20      2       1       0       7       9       71      24.2    
day2_62100_0046.jpg   20.7    42367     20.6    20.9    19.8    45      0       19      4       1       0       7       9       72      25.9    
day2_62100_0047.jpg   20.6    41215     20.7    20.7    19.6    47      0       19      2       1       0       9       9       72      23.8    
day2_62100_0048.jpg   20.6    41364     20.7    20.7    19.6    34      0       12      2       1       0       4       13      72      23.7    
day2_62100_0049.jpg   21.3    41449     21.4    21.4    20.3    26      0       16      2       1       0       11      11      72      23.6    
day2_62100_0050.jpg   20.2    42080     20.4    20.3    19.1    39      0       27      2       1       0       7       11      71      24.0    
day2_62100_0051.jpg   20.4    39730     20.6    20.5    19.3    39      0       26      2       1       0       6       15      71      23.5    
day2_62100_0052.jpg   21.1    41566     21.3    21.2    20.0    39      0       26      2       1       0       6       15      71      24.0    
day2_62100_0053.jpg   21.1    41378     21.3    21.3    20.1    40      0       26      2       1       0       5       15      72      23.9    
day2_62100_0054.jpg   20.5    41680     20.6    20.6    19.4    39      0       26      2       1       0       5       15      71      23.9    
day2_62100_0055.jpg   20.9    41572     20.9    21.1    19.8    35      0       25      2       1       0       5       15      71      23.7    
day2_62100_0056.jpg   20.5    39870     20.7    20.6    19.4    40      0       26      2       1       0       5       15      71      23.4    
day2_62100_0057.jpg   22.8    38869     19.9    23.3    28.1    5       0       0       26      0       0       5       15      71      23.4    
day2_62100_0058.jpg   23.4    40653     20.5    23.8    28.6    4       0       0       20      0       0       6       14      73      23.9    
day2_62100_0059.jpg   22.9    40907     20.0    23.3    28.1    4       0       0       22      0       0       5       15      71      23.9    
day2_62100_0060.jpg   23.3    40713     20.4    23.7    28.6    4       0       0       21      0       0       6       15      71      23.8    
day2_62100_0061.jpg   23.8    41322     20.9    24.3    29.1    3       0       0       28      1       0       7       14      72      24.4    
day2_62100_0062.jpg   23.4    41440     20.5    23.8    28.6    3       0       0       30      1       0       6       14      72      24.6    
day2_62100_0063.jpg   22.7    41565     19.8    23.2    27.9    3       0       0       25      1       0       6       14      72      24.8    
day2_62100_0064.jpg   24.0    41218     21.1    24.5    29.2    3       0       0       25      1       0       6       14      71      23.9    
day2_62100_0065.jpg   22.9    39252     20.0    23.3    28.0    3       0       0       23      1       0       6       14      71      23.5    
day2_62100_0066.jpg   21.6    41708     21.9    21.7    20.6    31      0       27      2       1       0       6       14      73      23.8    
day2_62100_0067.jpg   20.8    42174     21.0    20.9    19.8    34      0       27      2       1       0       6       14      71      23.8    
day2_62100_0068.jpg   20.3    42200     20.5    20.4    19.3    33      0       26      2       1       0       6       14      71      24.1    
day2_62100_0069.jpg   20.4    42509     20.6    20.4    19.3    37      0       25      2       1       1       6       14      73      24.8    
day2_62100_0070.jpg   20.6    42526     20.8    20.7    19.6    38      0       26      2       1       0       6       14      72      24.7    
day2_62100_0071.jpg   20.7    42392     20.9    20.7    19.6    33      0       27      2       1       0       6       14      75      24.7    
day2_62100_0072.jpg   21.0    42087     21.0    21.1    20.0    32      0       24      2       1       0       5       10      71      23.8    
day2_62100_0073.jpg   21.8    42805     22.0    21.9    20.7    34      0       27      2       1       0       6       13      73      24.7    
day2_62100_0074.jpg   21.0    42432     21.2    21.1    19.9    33      0       25      2       1       0       6       13      74      24.7    
day2_62100_0075.jpg   20.6    42787     20.8    20.7    19.6    34      0       27      2       1       0       6       13      73      24.8    
day2_62100_0076.jpg   21.7    43623     21.9    21.7    20.6    31      0       27      2       2       0       5       14      73      25.3    
day2_62100_0077.jpg   20.5    40330     20.8    20.6    19.5    28      0       27      2       1       0       5       13      71      23.4    
day2_62100_0078.jpg   20.6    40266     20.8    20.7    19.5    29      0       27      2       1       0       5       13      71      23.4    
day2_62100_0079.jpg   23.1    40919     20.2    23.6    28.3    4       0       0       30      1       0       5       13      71      23.8    
day2_62100_0080.jpg   24.2    41319     21.3    24.7    29.4    4       0       0       30      1       0       6       12      72      23.9    
day2_62100_0081.jpg   23.7    41212     20.8    24.2    28.9    5       0       0       32      0       0       5       15      72      23.8    
day2_62100_0082.jpg   24.0    41535     21.1    24.5    29.2    5       0       0       34      0       0       5       15      72      24.6    
day2_62100_0083.jpg   22.8    41500     19.9    23.2    27.9    4       0       0       32      0       1       4       15      72      24.7    
day2_62100_0084.jpg   23.3    42219     20.4    23.8    28.4    5       0       0       31      1       0       5       14      73      25.3    
day2_62100_0085.jpg   23.2    42029     20.3    23.7    28.3    5       0       0       33      1       0       4       14      73      24.8    
day2_62100_0086.jpg   23.2    41909     20.3    23.7    28.3    5       0       0       32      1       0       5       14      75      24.6    
day2_62100_0087.jpg   24.0    41217     21.1    24.5    29.1    4       0       0       28      0       0       5       14      72      24.5    
day2_62100_0088.jpg   24.0    41231     21.1    24.5    29.1    5       0       0       29      0       0       4       14      73      24.5    
day2_62100_0089.jpg   22.9    41194     20.0    23.4    28.1    5       0       0       33      0       0       4       14      75      24.0    
day2_62100_0090.jpg   22.8    39201     19.9    23.3    28.0    5       0       0       32      0       0       4       14      72      23.4    
day2_62100_0091.jpg   22.3    42014     22.5    22.4    21.3    36      0       29      3       1       0       9       16      68      23.7    
day2_62100_0092.jpg   20.8    42016     20.8    21.0    19.8    35      0       28      3       1       0       9       16      68      23.8    
day2_62100_0093.jpg   21.4    42009     21.4    21.6    20.4    27      0       28      3       1       0       7       16      69      23.9    
day2_62100_0094.jpg   21.2    41937     21.4    21.3    20.1    33      0       25      2       1       0       6       16      68      23.8    
day2_62100_0095.jpg   20.4    41936     20.6    20.6    19.4    36      0       27      2       1       0       6       16      70      23.9    
day2_62100_0096.jpg   22.0    41898     22.2    22.1    20.9    34      0       27      2       1       0       6       15      68      24.0    
day2_62100_0097.jpg   21.9    42097     22.1    22.0    20.8    34      0       26      3       1       0       6       15      69      23.7    
day2_62100_0098.jpg   20.8    41868     20.9    21.0    19.8    31      0       27      3       1       0       7       15      70      23.9    
day2_62100_0099.jpg   20.7    42984     20.9    20.8    19.7    34      0       26      3       1       0       6       15      68      24.7    
day2_62100_0100.jpg   21.1    42622     21.3    21.2    20.0    35      0       25      3       1       0       7       16      68      24.7    
day2_62100_0101.jpg   21.2    43225     21.4    21.3    20.1    35      0       25      3       1       0       7       16      68      24.7    
day2_62100_0102.jpg   21.1    42126     21.3    21.2    20.0    34      0       27      3       1       0       7       14      69      23.7    
day2_62100_0103.jpg   21.2    41886     21.4    21.3    20.2    32      0       26      3       1       0       6       15      69      23.8    
day2_62100_0104.jpg   21.2    41686     21.2    21.4    20.1    29      0       27      3       1       0       6       16      69      23.9    
day2_62100_0105.jpg   20.6    42878     20.8    20.7    19.5    31      0       27      3       1       0       7       15      68      24.1    
day2_62100_0106.jpg   21.2    41911     21.4    21.3    20.1    32      1       26      3       1       0       7       15      69      23.8    
day2_62100_0107.jpg   21.5    42209     21.8    21.6    20.5    30      0       25      3       1       0       7       15      69      23.9    
day2_62100_0108.jpg   20.8    42190     21.0    20.9    19.7    30      0       26      3       1       0       7       15      69      23.8    
day2_62100_0109.jpg   20.4    42045     20.5    20.6    19.4    33      0       26      3       1       0       6       14      68      24.0    
day2_62100_0110.jpg   20.5    42060     20.7    20.6    19.4    32      0       25      3       1       0       7       13      72      24.1    
day2_62100_0111.jpg   20.7    41902     20.9    20.8    19.6    33      0       27      3       1       0       7       13      73      23.9    
day2_62100_0112.jpg   21.9    42014     22.1    22.0    20.8    31      0       26      3       1       0       7       13      71      23.9    
day2_62100_0113.jpg   21.2    42562     21.5    21.3    20.1    34      0       27      3       1       0       7       13      75      24.1    
day2_62100_0114.jpg   21.2    42568     21.5    21.3    20.1    34      0       27      3       1       0       7       13      75      24.1    
day2_62100_0115.jpg   20.7    41808     20.9    20.8    19.6    38      0       26      2       1       0       8       13      71      23.9    
day2_62100_0116.jpg   21.9    42096     22.1    22.0    20.8    39      0       27      2       1       0       8       13      72      23.9    
day2_62100_0117.jpg   21.9    42371     22.1    22.0    20.8    38      0       27      2       1       0       8       13      72      24.0    
day2_62100_0118.jpg   20.4    42098     20.6    20.5    19.3    42      0       26      2       1       0       6       13      72      23.9    
day2_62100_0119.jpg   21.0    42145     21.2    21.1    19.9    34      0       26      2       1       0       6       13      73      23.8    
day2_62100_0120.jpg   21.5    41925     21.5    21.7    20.5    39      0       23      2       1       0       7       13      73      23.8    
day2_62100_0121.jpg   20.5    42449     20.5    20.7    19.4    39      0       24      2       1       0       6       12      74      24.0    
day2_62100_0122.jpg   21.0    41900     21.0    21.2    19.9    40      0       25      1       1       0       6       13      72      23.9    
day2_62100_0123.jpg   20.5    42655     20.5    20.7    19.4    40      0       27      1       1       0       6       13      75      24.0    
day2_62100_0124.jpg   21.1    41984     21.3    21.2    19.9    42      0       26      3       1       0       6       10      73      23.9    
day2_62100_0125.jpg   21.1    41907     21.2    21.2    19.9    35      0       25      3       1       0       6       10      73      23.9    
day2_62100_0126.jpg   22.4    41695     22.6    22.5    21.3    36      0       24      3       1       0       7       10      71      23.8    
day2_62100_0127.jpg   20.5    40045     20.7    20.6    19.4    37      0       24      3       1       0       7       10      72      23.5    
day2_62100_0128.jpg   20.9    42104     21.1    21.0    19.8    39      0       24      2       1       0       6       11      72      26.6    
day2_62100_0129.jpg   20.5    42010     20.5    20.7    19.5    35      0       24      2       1       0       7       11      72      25.0    
day2_62100_0130.jpg   20.5    41813     20.7    20.6    19.4    35      0       24      2       1       0       5       12      74      26.4    
day2_62100_0131.jpg   20.5    42156     20.5    20.7    19.4    31      0       24      2       1       0       4       10      72      24.7    
day2_62100_0132.jpg   20.5    41692     20.5    20.7    19.4    32      0       25      2       1       0       6       14      72      26.1    
day2_62100_0133.jpg   20.5    42007     20.8    20.7    19.4    31      0       24      2       1       0       3       11      72      24.2    
day2_62100_0134.jpg   21.1    41871     21.2    21.2    19.9    34      0       24      2       1       0       4       11      72      24.1    
day2_62100_0135.jpg   22.2    41841     22.4    22.3    21.1    33      0       23      2       1       0       4       11      73      23.9    
day2_62100_0136.jpg   20.8    41738     20.8    21.0    19.7    32      0       24      2       1       0       5       11      73      23.9    
day2_62100_0137.jpg   21.0    41939     21.2    21.1    19.9    31      0       24      1       1       0       4       11      74      23.9    
day2_62100_0138.jpg   20.7    41881     20.9    20.8    19.6    30      0       24      1       1       0       4       11      72      23.9    
day2_62100_0139.jpg   20.5    42858     20.5    20.7    19.5    33      0       27      1       1       0       6       11      74      24.0    
day2_62100_0140.jpg   20.7    42046     20.9    20.8    19.6    41      0       26      3       1       0       7       11      72      24.2    
day2_62100_0141.jpg   20.4    41953     20.4    20.6    19.4    40      0       26      3       1       0       7       13      72      23.8    
day2_62100_0142.jpg   21.0    41976     21.2    21.1    19.9    39      0       26      3       1       0       8       13      73      23.9    
day2_62100_0143.jpg   20.7    42219     20.9    20.8    19.6    40      0       26      3       1       0       8       13      73      23.9    
day2_62100_0144.jpg   21.1    41988     21.3    21.3    20.1    38      0       25      3       1       0       7       13      70      23.9    
day2_62100_0145.jpg   20.5    42062     20.8    20.7    19.4    40      0       27      3       1       0       7       13      72      23.9    
day2_62100_0146.jpg   20.4    41507     20.6    20.6    19.4    38      0       16      4       1       0       15      8       72      23.8    
day2_62100_0147.jpg   20.7    42096     21.0    20.8    19.5    49      0       37      3       1       0       11      13      72      23.8    
day2_62100_0148.jpg   20.8    41611     20.7    21.1    19.8    26      0       16      3       1       0       6       5       72      23.7    
day2_62100_0149.jpg   20.7    42013     20.8    20.8    19.6    42      0       24      3       1       0       4       7       72      23.7    
day2_62100_0150.jpg   19.9    41637     19.9    20.1    18.9    31      1       15      3       1       0       15      9       71      23.9    
day2_62100_0151.jpg   20.5    41733     20.7    20.6    19.4    46      0       19      3       1       0       13      9       71      23.9    
day2_62100_0152.jpg   20.5    41774     20.7    20.6    19.4    42      0       20      3       1       0       13      10      71      24.2    
day2_62100_0153.jpg   20.5    41696     20.6    20.6    19.4    45      0       21      3       1       0       13      11      73      24.0    
day2_62100_0154.jpg   21.2    41834     21.4    21.3    20.1    40      0       19      3       1       0       13      11      71      24.1    
day2_62100_0155.jpg   21.8    41822     22.0    21.9    20.7    43      0       19      3       1       0       13      11      72      23.9    
day2_62100_0156.jpg   21.8    39940     22.0    21.9    20.7    44      0       20      3       1       0       13      11      70      23.6    
day2_62100_0157.jpg   20.5    40036     20.7    20.6    19.4    44      0       20      3       1       0       13      11      70      23.6    
day2_62100_0158.jpg   20.2    37444     19.9    20.6    19.0    27      0       12      2       1       0       3       3       71      21.0    
day2_62100_0159.jpg   20.5    44141     20.1    21.0    19.4    25      0       12      2       1       0       12      11      72      24.9    
day2_62100_0160.jpg   21.5    44632     21.3    21.8    20.3    44      0       34      3       1       0       11      4       73      24.0    
day2_62100_0161.jpg   21.1    42539     20.9    21.4    19.9    45      0       34      3       1       0       9       4       72      23.7    
day2_62100_0162.jpg   21.8    44035     21.8    22.1    20.5    52      0       69      3       1       0       9       4       78      23.8    
day2_62100_0163.jpg   22.1    45531     22.0    22.4    20.7    52      0       68      3       1       0       9       4       73      24.0    
day2_62100_0164.jpg   22.2    46488     21.9    22.7    20.9    40      1       57      3       1       1       13      5       73      23.7    
day2_62100_0165.jpg   22.5    44830     22.3    22.8    21.1    40      1       63      3       1       1       13      5       71      23.3    
day2_62100_0166.jpg   22.1    44608     22.0    22.4    20.5    51      0       42      2       1       1       5       4       71      23.5    
day2_62100_0167.jpg   22.1    44597     22.0    22.4    20.4    50      0       42      2       1       1       5       4       71      23.5    
day2_62100_0168.jpg   22.2    44545     22.1    22.5    20.6    51      0       42      2       1       1       5       4       70      23.5    
day2_62100_0169.jpg   22.2    44542     22.1    22.5    20.6    51      0       42      2       1       1       5       4       70      23.5    
day2_62100_0170.jpg   21.0    41043     20.9    21.4    19.5    75      0       1       0       0       1       4       3       71      22.5    
day2_62100_0171.jpg   22.9    46987     22.7    23.3    21.5    40      0       63      2       0       1       7       5       73      23.6    
day2_62100_0172.jpg   22.8    46473     22.5    23.2    21.3    55      0       109     0       0       0       9       9       73      24.8    
day2_62100_0173.jpg   23.4    46483     23.5    23.7    22.0    60      0       83      0       0       0       10      5       75      23.7    
day2_62100_0174.jpg   22.3    46247     22.0    22.8    21.0    58      0       83      0       0       0       6       5       72      24.0    
day2_62100_0175.jpg   22.9    47101     22.5    23.4    21.4    52      0       125     0       0       0       2       7       74      24.8    
day2_62100_0176.jpg   22.2    44972     21.8    22.7    20.8    50      0       106     0       0       0       2       7       76      24.3    
day2_62100_0177.jpg   23.1    45987     22.9    23.5    21.7    63      0       95      0       0       0       12      8       73      25.4    
day2_62100_0178.jpg   23.6    45486     23.4    24.0    22.2    46      0       83      1       0       0       10      8       72      24.8    
day2_62100_0179.jpg   23.0    45042     22.8    23.3    21.5    46      0       85      1       0       0       10      8       75      24.8    
day2_62100_0180.jpg   23.1    45397     22.9    23.5    21.6    51      0       86      2       1       1       9       8       73      24.8    
day2_62100_0181.jpg   22.7    46081     22.5    23.1    21.3    54      0       86      2       1       1       9       8       74      24.8    
day2_62100_0182.jpg   22.7    43616     22.5    23.1    21.3    55      0       86      3       1       1       9       8       73      24.5    
day2_62100_0183.jpg   23.1    45335     22.9    23.4    21.6    55      0       86      3       1       1       9       8       72      24.8    
day2_62100_0184.jpg   23.0    45083     22.7    23.4    21.5    52      0       86      3       1       1       9       8       71      25.0    
day2_62100_0185.jpg   24.2    45283     24.0    24.6    22.8    53      0       84      3       1       1       9       8       70      25.0    
day2_62100_0186.jpg   23.3    46346     22.9    23.8    21.8    50      0       85      4       1       1       9       8       72      26.1    
day2_62100_0187.jpg   24.2    47317     23.8    24.6    22.7    49      0       85      4       1       1       9       8       70      26.1    
day2_62100_0188.jpg   23.6    45414     23.3    24.1    22.1    45      0       86      2       1       1       9       8       70      24.7    
day2_62100_0189.jpg   23.4    45331     23.0    23.8    21.9    46      0       86      2       1       1       9       8       70      24.7    
day2_62100_0190.jpg   23.3    46140     23.0    23.8    21.8    53      0       86      1       1       0       9       8       70      25.1    
day2_62100_0191.jpg   23.0    47133     22.7    23.5    21.5    53      0       86      1       1       0       9       8       70      25.1    
day2_62100_0192.jpg   24.3    45757     24.0    24.8    22.8    51      0       84      1       1       0       9       8       70      24.7    
day2_62100_0193.jpg   23.2    46109     22.8    23.6    21.6    53      0       86      1       1       0       9       8       71      25.1    
day2_62100_0194.jpg   23.0    46035     22.6    23.4    21.4    52      0       84      1       1       0       9       7       72      24.7    
day2_62100_0195.jpg   23.0    46035     22.6    23.4    21.4    52      0       84      1       1       0       9       7       72      24.7    
day2_62100_0196.jpg   23.0    46027     22.6    23.4    21.4    51      0       84      1       1       0       9       7       72      24.7    
day2_62100_0197.jpg   23.9    45643     23.5    24.4    22.4    49      0       83      1       1       0       9       7       72      24.9    
day2_62100_0198.jpg   23.3    45517     23.0    23.8    21.8    50      0       86      1       1       0       9       7       71      24.9    
day2_62100_0199.jpg   23.4    45707     23.1    23.9    21.9    50      0       86      2       1       1       8       10      74      24.8    
day2_62100_0200.jpg   23.3    46503     22.8    23.9    21.8    50      0       86      3       1       1       9       10      74      24.8    
day2_62100_0201.jpg   24.6    46025     24.3    25.1    23.0    48      0       86      3       1       1       8       10      73      24.6    
day2_62100_0202.jpg   23.8    46075     23.2    24.3    22.2    50      0       88      3       1       1       9       10      76      24.6    
day2_62100_0203.jpg   23.3    46807     23.0    23.8    21.7    45      0       86      3       1       0       8       10      75      25.0    
day2_62100_0204.jpg   23.3    46068     23.0    23.8    21.7    45      0       88      2       1       0       8       10      75      24.9    
day2_62100_0205.jpg   23.6    46143     23.2    24.0    22.0    46      0       87      2       1       0       8       10      76      25.1    
day2_62100_0206.jpg   23.2    44458     22.9    23.7    21.7    45      0       87      3       1       0       8       10      75      24.4    
day2_62100_0207.jpg   23.3    47385     23.0    23.7    21.7    45      0       87      3       1       0       8       10      77      25.0    
day2_62100_0208.jpg   23.2    46206     22.7    23.7    21.6    48      0       87      3       1       0       8       10      75      24.7    
day2_62100_0209.jpg   23.5    45617     23.0    24.0    22.0    51      0       83      3       1       0       11      7       74      24.7    
day2_62100_0210.jpg   24.6    46088     24.3    25.1    23.1    50      0       79      3       1       1       10      7       75      24.7    
day2_62100_0211.jpg   23.5    45754     23.2    24.0    22.0    53      0       78      3       1       1       10      7       73      24.8    
day2_62100_0212.jpg   24.2    46168     23.9    24.6    22.7    51      0       81      3       1       0       10      7       73      24.7    
day2_62100_0213.jpg   23.2    46201     22.7    23.7    21.8    52      0       80      4       1       0       10      7       72      25.1    
day2_62100_0214.jpg   24.5    46339     24.2    24.9    23.1    52      0       81      6       1       1       11      7       73      24.8    
day2_62100_0215.jpg   23.4    46832     23.1    23.8    22.0    55      0       82      5       1       2       11      7       73      24.8    
day2_62100_0216.jpg   23.9    45975     23.6    24.2    22.5    53      0       78      5       1       0       11      7       73      24.9    
day2_62100_0217.jpg   23.9    46301     23.6    24.3    22.6    52      0       79      5       1       0       10      7       72      24.9    
day2_62100_0218.jpg   23.7    46790     23.4    24.1    22.3    54      0       80      5       1       3       10      7       71      24.8    
day2_62100_0219.jpg   24.7    46951     24.5    25.1    23.4    54      0       80      5       1       1       10      7       71      25.2    
day2_62100_0220.jpg   24.9    47483     24.7    25.3    23.6    54      0       80      5       1       4       10      7       73      25.2    
day2_62100_0221.jpg   24.0    46519     23.8    24.4    22.6    54      0       86      3       1       3       10      7       72      24.6    
day2_62100_0222.jpg   24.9    45820     24.7    25.3    23.5    69      0       87      3       1       3       6       5       73      24.3    
day2_62100_0223.jpg   25.1    45007     24.8    25.5    23.7    43      0       73      3       1       2       11      5       73      23.8    
day2_62100_0224.jpg   23.2    45163     22.9    23.5    21.8    38      0       70      3       1       1       11      5       72      24.3    
day2_62100_0225.jpg   23.6    44707     23.3    23.9    22.2    39      0       70      3       1       1       11      5       74      23.9    
day2_62100_0226.jpg   23.4    45079     23.2    23.7    22.1    39      0       70      4       1       0       11      5       72      24.1    
day2_62100_0227.jpg   23.7    45358     23.4    24.0    22.4    40      0       70      5       1       2       11      5       73      24.5    
day2_62100_0228.jpg   23.0    44898     22.8    23.4    21.6    41      0       73      1       1       1       11      5       72      24.2    
day2_62100_0229.jpg   22.9    45033     22.7    23.3    21.5    43      0       76      1       0       2       12      2       72      24.4    
day2_62100_0230.jpg   22.9    45033     22.7    23.3    21.5    43      0       76      1       0       2       12      2       72      24.4    
day2_62100_0231.jpg   22.9    45015     22.7    23.3    21.5    44      0       76      2       0       2       12      3       72      24.3    
day2_62100_0232.jpg   22.9    45015     22.7    23.3    21.5    44      0       76      2       0       2       12      3       72      24.3    
day2_62100_0233.jpg   22.9    45015     22.7    23.3    21.5    44      0       76      2       0       2       12      3       72      24.3    
day2_62100_0234.jpg   22.9    45021     22.7    23.3    21.5    44      0       76      2       0       2       12      3       72      24.3    
day2_62100_0235.jpg   24.4    45082     24.2    24.8    23.0    43      0       74      2       0       1       12      3       69      24.1    
day2_62100_0236.jpg   24.3    45034     24.2    24.7    23.0    42      0       71      3       0       0       12      3       71      24.1    
day2_62100_0237.jpg   22.9    45036     22.7    23.2    21.5    50      0       76      2       0       1       12      3       70      24.1    
day2_62100_0238.jpg   23.7    45452     23.6    24.1    22.5    46      0       72      4       0       0       12      3       69      24.1    
day2_62100_0239.jpg   23.4    44009     23.1    23.8    22.0    42      0       72      4       0       1       9       3       73      24.0    
day2_62100_0240.jpg   23.4    44002     23.1    23.8    22.0    42      0       72      4       0       1       9       3       72      24.0    
day2_62100_0241.jpg   23.6    44584     23.2    24.1    22.0    47      0       74      3       0       0       9       3       75      24.0    
day2_62100_0242.jpg   24.3    44313     23.9    24.8    22.8    43      0       73      3       0       0       9       3       72      24.1    
day2_62100_0243.jpg   22.8    44595     22.4    23.3    21.3    40      0       75      3       0       0       9       3       72      24.1    
day2_62100_0244.jpg   23.0    44797     22.6    23.5    21.4    40      0       75      3       0       0       9       2       72      24.2    
day2_62100_0245.jpg   23.0    44282     22.6    23.4    21.4    40      0       75      3       0       0       8       2       73      26.2    
day2_62100_0246.jpg   23.1    44591     22.8    23.6    21.6    43      0       75      3       0       0       10      2       72      24.1    
day2_62100_0247.jpg   23.6    44292     23.3    24.0    22.1    41      0       75      3       0       0       10      2       70      23.9    
day2_62100_0248.jpg   24.8    44298     24.4    25.2    23.2    46      0       74      3       0       0       10      2       71      23.9    
day2_62100_0249.jpg   23.6    44349     23.3    24.1    22.1    42      0       75      3       0       0       10      2       74      23.9    
day2_62100_0250.jpg   23.8    44987     23.5    24.3    22.3    44      0       75      3       0       0       10      2       73      24.2    
day2_62100_0251.jpg   23.8    44969     23.5    24.3    22.3    44      0       75      4       0       0       10      2       73      24.2    
day2_62100_0252.jpg   23.3    45699     22.9    23.8    21.8    39      0       75      5       0       0       10      2       74      24.7    
day2_62100_0253.jpg   23.4    44303     23.1    23.9    21.9    38      0       75      5       0       0       10      2       73      24.4    
day2_62100_0254.jpg   26.5    48208     26.1    27.1    24.5    54      5       89      6       13      0       10      2       76      24.4    
day2_62100_0255.jpg   24.2    46201     23.8    24.7    22.7    36      0       73      5       0       0       10      2       76      24.8    
day2_62100_0256.jpg   23.4    46197     23.1    23.9    22.0    38      0       75      5       0       0       10      2       72      24.8    
day2_62100_0257.jpg   26.4    48238     26.2    26.9    24.5    72      3       90      7       10      0       10      2       74      24.4    
day2_62100_0258.jpg   26.4    48213     26.2    26.9    24.5    72      3       90      7       10      0       10      2       74      24.4    
day2_62100_0259.jpg   26.2    48127     26.0    26.7    24.2    79      3       89      7       15      0       13      5       79      24.2    
day2_62100_0260.jpg   26.7    49789     26.5    27.2    24.7    81      3       89      7       13      0       13      5       83      24.6    
day2_62100_0261.jpg   26.2    48149     26.0    26.7    24.2    81      3       89      7       14      0       13      5       81      24.2    
day2_62100_0262.jpg   27.0    48130     26.5    27.5    25.3    53      8       88      27      13      3       13      5       76      24.2    
day2_62100_0263.jpg   24.6    45893     24.2    25.0    23.0    39      0       73      5       1       0       13      5       74      24.6    
day2_62100_0264.jpg   23.9    44859     23.6    24.4    22.3    44      0       73      3       1       0       13      5       73      23.8    
day2_62100_0265.jpg   22.9    42964     22.6    23.4    21.3    43      0       75      3       1       0       13      5       71      23.5    
day2_62100_0266.jpg   22.9    42974     22.6    23.4    21.3    45      0       75      3       1       0       13      5       72      23.6    
day2_62100_0267.jpg   22.9    42984     22.6    23.4    21.3    46      0       75      3       1       0       13      5       72      23.6    
day2_62100_0268.jpg   24.2    44793     23.9    24.6    22.6    44      0       75      3       1       0       13      5       73      23.8    
day2_62100_0269.jpg   22.8    44508     22.6    23.2    21.2    47      0       75      3       1       0       11      3       73      24.0    
day2_62100_0270.jpg   24.3    44605     24.0    24.7    22.7    46      0       75      3       1       0       11      4       75      24.0    
day2_62100_0271.jpg   23.2    44336     23.0    23.6    21.6    45      0       75      3       1       0       11      4       73      24.0    
day2_62100_0272.jpg   22.9    45471     22.6    23.3    21.3    44      0       75      3       1       0       11      4       74      24.0    
day2_62100_0273.jpg   22.9    45491     22.7    23.3    21.3    44      0       75      3       1       0       11      4       75      24.0    
day2_62100_0274.jpg   23.5    45907     23.3    23.9    21.9    48      0       75      3       3       0       11      4       76      24.6    
day2_62100_0275.jpg   23.2    44105     23.0    23.7    21.7    47      0       75      1       2       0       11      4       75      24.2    
day2_62100_0276.jpg   27.1    48277     26.9    27.6    25.3    61      3       89      21      21      3       11      4       76      24.2    
day2_62100_0277.jpg   27.2    48336     27.0    27.6    25.3    63      3       89      21      21      3       11      4       76      24.2    
day2_62100_0278.jpg   22.8    44643     22.5    23.2    21.2    45      0       75      1       1       0       11      4       74      23.8    
day2_62100_0279.jpg   24.3    44838     24.1    24.8    22.8    45      0       75      1       1       0       11      4       76      23.9    
day2_62100_0280.jpg   24.7    44662     24.5    25.1    23.1    40      0       72      1       1       0       11      4       75      23.9    
day2_62100_0281.jpg   23.8    44994     23.5    24.2    22.2    44      0       75      1       1       0       11      4       75      24.3    
day2_62100_0282.jpg   23.2    44779     23.0    23.7    21.7    43      0       75      1       1       0       11      4       72      23.9    
day2_62100_0283.jpg   23.3    45670     23.1    23.7    21.8    43      0       75      1       1       0       11      4       74      23.8    
day2_62100_0284.jpg   23.1    45226     22.8    23.5    21.5    43      0       75      1       1       0       11      4       72      24.2    
day2_62100_0285.jpg   23.3    44599     23.0    23.7    21.7    42      0       75      3       1       0       11      4       71      23.8    
day2_62100_0286.jpg   22.9    44220     22.7    23.3    21.4    39      0       75      3       1       0       11      4       73      24.0    
day2_62100_0287.jpg   23.1    44627     22.9    23.6    21.6    42      0       75      3       1       0       11      4       73      24.3    
day2_62100_0288.jpg   24.3    44650     24.0    24.7    22.8    38      0       72      3       1       0       11      4       74      23.9    
day2_62100_0289.jpg   22.8    44660     22.6    23.3    21.3    50      0       76      3       1       0       14      5       73      23.8    
day2_62100_0290.jpg   22.9    44725     22.7    23.4    21.4    51      0       76      3       1       0       14      5       72      24.1    
day2_62100_0291.jpg   22.9    42925     22.7    23.4    21.3    51      0       76      3       1       0       14      5       73      23.7    
day2_62100_0292.jpg   23.2    44662     23.0    23.7    21.7    49      0       76      3       1       0       14      5       69      24.0    
day2_62100_0293.jpg   23.1    44675     22.8    23.5    21.5    48      0       76      2       1       0       14      5       70      24.3    
day2_62100_0294.jpg   22.8    44845     22.6    23.3    21.2    45      0       76      2       1       0       14      5       71      24.3    
day2_62100_0295.jpg   25.9    48145     25.0    26.6    24.4    49      0       201     3       1       0       14      5       70      25.0    
day2_62100_0296.jpg   26.3    47964     25.5    27.0    24.8    49      0       201     3       1       0       14      5       74      24.6    
day2_62100_0297.jpg   25.8    48152     25.0    26.5    24.3    48      0       204     2       1       0       14      5       72      25.0    
day2_62100_0298.jpg   26.1    47494     25.5    26.8    24.6    74      0       190     1       0       0       12      4       75      24.9    
day2_62100_0299.jpg   26.7    47746     26.1    27.3    25.2    52      0       188     3       0       0       12      4       74      24.9    
day2_62100_0300.jpg   26.8    47925     26.1    27.4    25.2    48      0       187     3       0       0       12      4       74      24.9    
day2_62100_0301.jpg   27.0    48346     26.3    27.6    25.4    48      0       187     3       0       0       12      4       74      24.9    
day2_62100_0302.jpg   25.9    48252     25.3    26.6    24.3    47      0       187     3       0       0       12      4       75      24.9    
day2_62100_0303.jpg   25.9    47763     25.3    26.5    24.3    46      0       190     3       0       0       12      4       75      24.9    
day2_62100_0304.jpg   26.6    47731     25.9    27.3    25.1    61      1       203     3       0       0       12      4       74      24.9    
day2_62100_0305.jpg   25.7    47504     25.0    26.4    24.2    49      1       203     3       0       0       13      4       72      24.9    
day2_62100_0306.jpg   26.1    47969     25.3    26.8    24.6    49      0       202     2       0       0       13      4       72      24.5    
day2_62100_0307.jpg   25.8    47271     25.0    26.5    24.4    50      0       196     2       0       0       13      4       74      24.1    
day2_62100_0308.jpg   25.9    49251     25.0    26.5    24.5    90      0       182     2       0       0       9       9       74      23.8    
day2_62100_0309.jpg   26.4    49538     25.6    27.0    25.0    88      0       180     2       0       1       9       9       76      23.8    
day2_62100_0310.jpg   27.1    49796     26.5    27.6    25.5    94      0       151     2       1       0       9       9       74      24.5    
day2_62100_0311.jpg   27.5    50313     27.0    28.1    26.0    94      0       142     2       1       0       9       9       73      24.8    
day2_62100_0312.jpg   26.1    48890     26.2    26.3    24.4    84      0       88      2       0       0       8       5       76      23.6    
day2_62100_0313.jpg   24.3    49917     24.4    24.6    22.7    106     0       73      3       1       0       9       5       79      24.7    
day2_62100_0314.jpg   23.0    48284     23.1    23.3    21.5    80      0       50      3       0       0       7       5       77      24.3    
day2_62100_0315.jpg   25.4    50152     25.0    25.9    24.0    86      0       182     3       0       0       8       5       76      24.0    
day2_62100_0316.jpg   25.4    50623     24.9    26.0    24.0    90      0       134     3       0       0       9       5       78      24.4    
day2_62100_0317.jpg   25.5    50531     24.7    26.2    24.1    90      0       149     3       0       0       9       5       77      24.4    
day2_62100_0318.jpg   26.8    50480     25.9    27.5    25.4    90      0       180     4       1       0       11      4       77      24.4    
day2_62100_0319.jpg   25.8    50666     24.9    26.5    24.4    89      0       145     2       1       0       11      4       78      24.5    
day2_62100_0320.jpg   26.8    51676     25.9    27.4    25.4    90      0       146     2       1       0       10      4       76      25.3    
day2_62100_0321.jpg   26.1    51427     25.2    26.7    24.7    89      0       146     2       1       0       11      4       75      24.9    
day2_62100_0322.jpg   25.7    51212     24.9    26.4    24.4    87      0       147     3       1       0       10      4       74      24.7    
day2_62100_0323.jpg   27.0    49317     25.6    28.0    25.8    66      0       190     2       1       0       9       5       73      23.7    
day2_62100_0324.jpg   26.0    48945     24.5    26.9    24.7    69      0       192     3       1       0       8       5       75      23.8    
day2_62100_0325.jpg   26.5    49306     25.1    27.4    25.3    65      0       190     3       1       0       8       5       75      23.8    
day2_62100_0326.jpg   26.6    49372     25.2    27.5    25.4    65      0       190     3       1       0       8       5       75      24.1    
day2_62100_0327.jpg   27.5    49307     26.1    28.4    26.2    65      0       169     3       1       0       8       5       73      23.6    
day2_62100_0328.jpg   26.7    49414     25.2    27.7    25.5    72      0       192     3       1       0       6       6       71      23.7    
day2_62100_0329.jpg   25.8    49338     24.3    26.8    24.6    76      0       192     3       1       0       6       6       71      23.7    
day2_62100_0330.jpg   25.7    49930     24.2    26.7    24.5    76      0       192     3       1       0       6       6       72      23.7    
day2_62100_0331.jpg   25.7    49933     24.2    26.7    24.5    75      0       192     3       1       0       6       6       72      23.7    
day2_62100_0332.jpg   25.7    49930     24.2    26.7    24.5    75      0       192     3       1       0       6       6       72      23.7    
day2_62100_0333.jpg   25.7    49927     24.2    26.7    24.5    75      0       192     3       1       0       6       6       72      23.7    
day2_62100_0334.jpg   25.7    49927     24.2    26.7    24.5    75      0       192     3       1       0       6       6       72      23.7    
day2_62100_0335.jpg   25.7    49913     24.2    26.7    24.5    75      0       192     3       1       0       6       6       72      23.7    
day2_62100_0336.jpg   26.6    49833     25.1    27.6    25.4    73      0       191     3       1       0       6       6       72      24.2    
day2_62100_0337.jpg   23.5    46518     22.4    24.4    22.2    69      0       101     3       1       0       6       6       72      23.2    
day2_62100_0338.jpg   23.5    46430     22.4    24.4    22.2    69      0       101     3       1       0       6       6       72      23.1    
day2_62100_0339.jpg   23.5    46430     22.4    24.4    22.2    69      0       101     3       1       0       6       6       72      23.1    
day2_62100_0340.jpg   24.0    46451     22.9    24.8    22.6    69      0       101     3       1       0       6       6       72      23.2    
day2_62100_0341.jpg   23.6    46325     22.5    24.4    22.2    65      0       101     3       1       0       5       6       73      23.1    
day2_62100_0342.jpg   24.8    46558     23.6    25.6    23.4    64      0       101     3       1       0       6       6       71      23.2    
day2_62100_0343.jpg   24.3    46314     23.1    25.1    22.9    64      0       100     3       1       0       6       6       72      23.2    
day2_62100_0344.jpg   25.6    48811     24.1    26.6    24.3    70      0       190     3       1       0       6       6       71      23.2    
day2_62100_0345.jpg   26.2    49286     24.7    27.2    24.9    69      0       187     3       1       0       6       6       72      23.7    
day2_62100_0346.jpg   24.2    46569     23.1    25.0    22.8    63      0       99      3       1       0       6       6       73      23.3    
day2_62100_0347.jpg   25.7    48573     24.2    26.8    24.5    67      0       193     3       1       0       6       6       72      23.4    
day2_62100_0348.jpg   25.6    50616     24.2    26.6    24.4    70      0       190     3       0       0       8       4       71      24.2    
day2_62100_0349.jpg   25.7    49594     24.3    26.7    24.5    70      0       188     3       0       0       8       4       71      24.0    
day2_62100_0350.jpg   25.7    49594     24.3    26.7    24.5    70      0       188     3       0       0       8       4       71      24.0    
day2_62100_0351.jpg   25.7    49612     24.3    26.7    24.5    70      0       188     3       0       0       8       4       71      24.0    
day2_62100_0352.jpg   26.5    49384     25.0    27.4    25.2    70      0       188     3       0       0       8       4       71      23.8    
day2_62100_0353.jpg   26.5    49407     25.0    27.4    25.2    70      0       189     3       0       0       8       4       72      23.8    
day2_62100_0354.jpg   26.5    49362     25.0    27.4    25.2    70      0       189     3       0       0       8       4       72      23.8    
day2_62100_0355.jpg   26.5    49362     25.0    27.4    25.2    70      0       189     3       0       0       8       4       72      23.8    
day2_62100_0356.jpg   26.5    49402     25.0    27.5    25.2    69      0       188     3       0       0       8       4       72      23.8    
day2_62100_0357.jpg   26.5    49384     25.0    27.5    25.2    69      0       189     3       0       0       7       4       72      23.7    
day2_62100_0358.jpg   26.4    49416     25.0    27.4    25.1    75      0       184     3       1       0       7       4       78      23.8    
day2_62100_0359.jpg   26.4    49411     25.0    27.4    25.1    75      0       184     3       1       0       7       4       78      23.8    
day2_62100_0360.jpg   26.4    49411     25.0    27.4    25.1    75      0       184     3       1       0       7       4       78      23.8    
day2_62100_0361.jpg   26.4    49433     24.9    27.4    25.1    74      0       185     3       1       0       7       4       78      23.8    
day2_62100_0362.jpg   26.4    49431     25.0    27.4    25.1    74      0       184     3       1       0       7       4       78      23.8    
day2_62100_0363.jpg   26.4    49431     25.0    27.4    25.1    74      0       184     3       1       0       7       4       78      23.8    
day2_62100_0364.jpg   26.4    49419     24.9    27.4    25.1    74      0       184     2       1       0       7       4       78      23.8    
day2_62100_0365.jpg   25.8    49233     24.3    26.8    24.5    74      0       184     2       1       0       7       4       76      23.8    
day2_62100_0366.jpg   25.8    49233     24.3    26.8    24.5    74      0       184     2       1       0       7       4       76      23.8    
day2_62100_0367.jpg   25.8    49225     24.3    26.8    24.5    75      0       184     3       1       0       7       4       76      23.8    
day2_62100_0368.jpg   25.6    49531     24.1    26.6    24.3    75      0       184     3       1       0       7       4       76      23.8    
day2_62100_0369.jpg   25.6    49531     24.1    26.6    24.3    75      0       184     3       1       0       7       4       76      23.8    
day2_62100_0370.jpg   25.6    49543     24.1    26.6    24.3    75      0       184     3       1       0       7       4       76      23.8    
day2_62100_0371.jpg   25.6    49543     24.1    26.6    24.3    75      0       184     3       1       0       7       4       76      23.8    
day2_62100_0372.jpg   25.6    49594     24.1    26.6    24.3    75      0       186     3       1       0       7       4       76      23.8    
day2_62100_0373.jpg   25.6    49602     24.1    26.6    24.3    75      0       185     3       1       0       7       4       78      23.8    
day2_62100_0374.jpg   26.2    49427     24.8    27.2    25.0    74      0       185     3       1       0       7       4       78      23.7    
day2_62100_0375.jpg   26.5    49430     25.0    27.5    25.2    73      0       181     3       1       0       7       4       78      23.7    
day2_62100_0376.jpg   26.5    49436     25.0    27.4    25.2    73      0       181     3       1       0       7       4       78      23.7    
day2_62100_0377.jpg   26.4    49420     24.9    27.4    25.1    73      0       184     3       1       0       7       4       77      23.7    
day2_62100_0378.jpg   26.1    49556     24.7    27.1    24.9    77      0       184     2       1       0       8       4       74      23.8    
day2_62100_0379.jpg   26.2    50261     24.8    27.2    25.0    77      0       186     2       1       0       8       3       75      23.8    
day2_62100_0380.jpg   26.5    49412     25.1    27.5    25.3    77      0       185     2       1       0       8       3       75      23.8    
day2_62100_0381.jpg   26.5    49398     25.1    27.5    25.3    77      0       185     2       1       0       8       3       75      23.8    
day2_62100_0382.jpg   26.5    49349     25.1    27.5    25.3    77      0       185     2       1       0       8       3       75      23.8    
day2_62100_0383.jpg   24.3    46151     23.3    25.1    22.9    73      0       97      2       1       0       8       3       75      23.1    
day2_62100_0384.jpg   24.3    46157     23.3    25.1    22.9    73      0       97      2       1       0       8       3       75      23.1    
day2_62100_0385.jpg   26.3    48352     24.8    27.2    24.9    77      0       188     2       1       0       8       3       78      23.1    
day2_62100_0386.jpg   26.5    49232     25.1    27.4    25.2    77      0       188     2       1       0       8       3       78      23.7    
day2_62100_0387.jpg   25.8    49309     24.2    26.8    24.5    71      0       192     3       1       0       8       3       75      24.4    
day2_62100_0388.jpg   26.5    49270     25.0    27.5    25.2    62      0       188     3       1       0       7       5       72      23.9    
day2_62100_0389.jpg   24.2    46555     23.3    25.0    22.9    61      0       103     3       1       0       7       5       76      23.1    
day2_62100_0390.jpg   23.7    45478     22.7    24.4    22.3    62      0       102     3       1       0       7       5       76      23.4    
day2_62100_0391.jpg   23.7    45432     22.6    24.4    22.3    62      0       103     3       1       0       7       5       77      23.4    
day2_62100_0392.jpg   23.6    45501     22.6    24.4    22.3    62      0       103     3       1       0       7       5       75      23.4    
day2_62100_0393.jpg   23.7    45493     22.6    24.4    22.3    63      0       103     1       1       0       7       5       75      23.4    
day2_62100_0394.jpg   23.6    45520     22.6    24.4    22.3    63      0       103     1       1       0       7       5       74      23.4    
day2_62100_0395.jpg   23.4    46703     22.3    24.2    22.0    61      0       103     1       1       0       7       5       74      23.3    
day2_62100_0396.jpg   23.3    46350     22.1    24.2    22.0    58      1       99      2       1       0       7       5       73      23.5    
day2_62100_0397.jpg   24.2    46666     23.2    25.0    22.9    63      1       100     2       1       0       7       5       75      23.2    
day2_62100_0398.jpg   23.6    45399     22.6    24.4    22.3    63      1       100     2       1       0       7       5       75      23.5    
day2_62100_0399.jpg   23.6    45345     22.6    24.4    22.4    63      1       100     1       1       0       7       5       75      23.4    
day2_62100_0400.jpg   23.3    46276     22.3    24.1    22.0    62      1       99      1       1       0       7       5       73      23.3    
