Frame                 Luma    Size      C_B     RedPx   Teal    Blue    Gold    Purple  BotR    BotC    WhtAnn  
day3_63700_0001.jpg   21.9    84554     20.9    58      38      1       2       0       17      4       72      
day3_63700_0002.jpg   21.7    106306    21.0    52      34      3       1       2       17      7       69      
day3_63700_0003.jpg   21.6    127342    20.9    50      83      3       1       1       3       8       71      
day3_63700_0004.jpg   23.1    119684    22.3    58      88      5       1       1       8       10      72      
day3_63700_0005.jpg   21.7    105335    20.9    58      91      6       1       1       11      10      74      
day3_63700_0006.jpg   21.7    87097     20.9    58      89      4       0       1       7       6       71      
day3_63700_0007.jpg   21.2    72843     20.3    36      41      3       1       0       7       13      64      
day3_63700_0008.jpg   21.2    65092     20.4    41      29      4       1       0       15      10      68      
day3_63700_0009.jpg   21.2    59479     20.4    44      27      4       2       0       12      7       71      
day3_63700_0010.jpg   22.9    53829     22.1    37      14      3       2       0       14      6       67      
day3_63700_0011.jpg   21.3    46979     20.6    26      17      4       2       0       14      8       77      
day3_63700_0012.jpg   21.1    42844     20.3    41      7       3       0       0       14      6       70      
day3_63700_0013.jpg   21.0    41331     20.2    49      9       3       1       0       7       5       73      
day3_63700_0014.jpg   21.9    42096     20.9    95      75      3       0       0       3       9       73      
day3_63700_0015.jpg   22.0    41357     21.2    49      73      3       0       0       3       13      73      
day3_63700_0016.jpg   22.0    40565     21.2    41      70      3       0       0       2       17      73      
day3_63700_0017.jpg   21.3    41969     20.4    47      59      3       0       0       9       10      73      
day3_63700_0018.jpg   21.1    40042     20.3    53      59      3       0       0       9       10      74      
day3_63700_0019.jpg   22.0    43820     21.1    52      66      3       0       0       11      8       73      
day3_63700_0020.jpg   22.1    43946     21.2    55      105     4       0       1       8       17      71      
day3_63700_0021.jpg   22.1    43417     21.2    75      114     3       0       0       6       13      71      
day3_63700_0022.jpg   22.9    43564     21.9    91      117     2       1       0       10      11      74      
day3_63700_0023.jpg   22.5    42878     21.6    70      98      2       1       1       10      12      70      
day3_63700_0024.jpg   21.8    42649     20.9    65      70      3       1       1       7       7       73      
day3_63700_0025.jpg   21.9    41180     20.9    65      70      3       1       1       8       14      72      
day3_63700_0026.jpg   21.9    43088     21.0    69      74      2       1       1       8       15      73      
day3_63700_0027.jpg   22.7    43017     21.8    74      74      3       1       0       8       15      73      
day3_63700_0028.jpg   22.1    43466     21.2    74      73      4       1       0       7       15      74      
day3_63700_0029.jpg   22.9    44001     22.0    70      72      4       1       0       7       15      75      
day3_63700_0030.jpg   22.6    44882     21.6    70      72      3       1       0       7       15      72      
day3_63700_0031.jpg   23.8    44916     22.9    72      67      4       1       1       8       15      73      
day3_63700_0032.jpg   24.0    44792     23.0    75      68      4       1       0       7       15      71      
day3_63700_0033.jpg   22.5    44476     21.5    83      70      3       1       1       8       15      73      
day3_63700_0034.jpg   22.6    45954     21.6    76      72      6       1       1       8       15      71      
day3_63700_0035.jpg   23.7    43721     22.6    80      70      5       1       1       7       15      72      
day3_63700_0036.jpg   22.7    43620     21.6    82      72      5       1       1       7       15      74      
day3_63700_0037.jpg   23.2    43832     22.1    81      72      5       1       1       7       15      72      
day3_63700_0038.jpg   22.6    43695     21.6    82      71      5       1       1       7       15      74      
day3_63700_0039.jpg   22.9    44826     21.9    82      71      5       1       1       7       15      72      
day3_63700_0040.jpg   23.8    44946     22.9    79      68      5       1       1       7       15      71      
day3_63700_0041.jpg   23.2    43530     22.1    76      87      3       1       0       4       14      74      
day3_63700_0042.jpg   21.8    41201     20.7    58      90      3       1       1       6       12      70      
day3_63700_0043.jpg   22.4    42271     21.4    56      79      3       1       0       6       12      72      
day3_63700_0044.jpg   23.0    42072     21.9    34      70      3       0       1       6       11      72      
day3_63700_0045.jpg   22.3    42017     21.3    34      70      3       0       1       6       11      74      
day3_63700_0046.jpg   21.5    42141     20.5    58      64      3       0       0       7       7       72      
day3_63700_0047.jpg   21.8    42134     20.9    42      66      3       0       0       9       12      71      
day3_63700_0048.jpg   21.7    42301     20.7    43      66      3       0       0       9       12      70      
day3_63700_0049.jpg   21.6    41628     20.7    41      43      3       0       0       6       9       70      
day3_63700_0050.jpg   21.0    39854     20.1    39      47      3       0       0       6       9       70      
day3_63700_0051.jpg   20.8    42647     19.9    43      29      3       0       0       6       9       71      
day3_63700_0052.jpg   21.5    41973     20.6    36      34      3       0       0       3       12      70      
day3_63700_0053.jpg   20.9    42337     20.0    41      42      4       1       0       5       9       71      
day3_63700_0054.jpg   21.0    42466     20.1    39      34      4       0       0       3       7       70      
day3_63700_0055.jpg   21.1    43235     20.2    49      31      3       0       0       6       9       70      
day3_63700_0056.jpg   21.0    42613     20.1    49      31      3       0       0       6       9       70      
day3_63700_0057.jpg   20.9    42720     20.0    48      31      3       0       0       6       9       72      
day3_63700_0058.jpg   21.2    42339     20.3    49      32      3       0       0       6       10      72      
day3_63700_0059.jpg   21.1    40420     20.2    44      29      3       0       0       5       9       72      
day3_63700_0060.jpg   21.1    41787     20.3    36      30      3       1       0       8       11      75      
day3_63700_0061.jpg   21.8    42714     21.0    34      16      3       1       0       11      6       74      
day3_63700_0062.jpg   21.5    42481     20.8    28      4       2       0       0       11      6       74      
day3_63700_0063.jpg   22.2    42846     21.4    28      17      2       1       0       6       8       74      
day3_63700_0064.jpg   20.9    40063     20.1    33      32      2       0       0       6       5       73      
day3_63700_0065.jpg   21.2    40049     20.3    44      40      3       0       0       6       5       73      
day3_63700_0066.jpg   23.2    43181     22.2    60      60      2       0       1       8       5       73      
day3_63700_0067.jpg   21.8    41977     20.9    48      58      2       0       0       6       10      73      
day3_63700_0068.jpg   21.8    42922     20.9    39      73      2       0       0       6       10      74      
day3_63700_0069.jpg   23.1    41960     22.1    42      75      2       0       0       8       12      71      
day3_63700_0070.jpg   21.7    41778     20.8    46      74      2       0       0       7       12      72      
day3_63700_0071.jpg   21.5    41958     20.5    53      72      2       0       1       7       12      70      
day3_63700_0072.jpg   21.7    42281     20.7    47      76      2       1       0       11      13      74      
day3_63700_0073.jpg   21.9    42022     20.9    47      76      2       1       0       11      13      73      
day3_63700_0074.jpg   21.5    41893     20.5    47      76      2       1       0       11      13      72      
day3_63700_0075.jpg   21.7    40176     20.6    47      76      2       1       0       11      13      72      
day3_63700_0076.jpg   22.1    41797     21.1    52      75      2       1       0       12      13      74      
day3_63700_0077.jpg   21.6    42062     20.6    51      76      2       1       0       9       13      75      
day3_63700_0078.jpg   21.6    40165     20.6    51      76      2       1       0       10      13      73      
day3_63700_0079.jpg   22.1    42830     21.1    50      76      2       1       0       10      13      74      
day3_63700_0080.jpg   22.9    41897     21.9    48      75      2       1       0       10      13      72      
day3_63700_0081.jpg   23.4    41900     22.3    56      72      2       1       0       5       10      72      
day3_63700_0082.jpg   22.9    41865     21.9    56      72      2       1       0       5       10      72      
day3_63700_0083.jpg   25.2    46062     24.0    66      154     2       1       0       5       10      72      
day3_63700_0084.jpg   23.1    43474     21.9    60      75      2       1       0       5       10      72      
day3_63700_0085.jpg   25.3    44581     24.1    61      150     2       1       0       5       10      73      
day3_63700_0086.jpg   23.6    42619     22.4    54      75      2       1       0       5       10      73      
day3_63700_0087.jpg   23.1    40855     22.0    55      75      2       0       0       6       10      71      
day3_63700_0088.jpg   21.2    36176     20.1    103     0       0       0       0       22      4       69      
day3_63700_0089.jpg   22.6    41629     21.4    28      58      3       0       1       5       9       74      
day3_63700_0090.jpg   24.3    43638     23.2    32      142     2       0       1       5       9       73      
day3_63700_0091.jpg   24.7    43469     23.6    30      141     3       0       1       5       10      72      
day3_63700_0092.jpg   26.0    44082     25.0    31      135     3       0       1       5       10      71      
day3_63700_0093.jpg   25.3    44104     24.4    33      134     3       0       1       5       10      72      
day3_63700_0094.jpg   25.4    45165     24.5    37      135     3       0       2       5       10      72      
day3_63700_0095.jpg   22.8    41434     21.8    32      58      3       0       1       5       10      71      
day3_63700_0096.jpg   23.0    41526     22.0    32      59      3       0       1       4       10      71      
day3_63700_0097.jpg   24.4    43524     23.5    40      135     3       0       1       5       10      71      
day3_63700_0098.jpg   25.2    43707     24.2    42      134     3       0       1       5       10      72      
day3_63700_0099.jpg   25.3    44807     24.3    47      135     4       0       1       5       10      73      
day3_63700_0100.jpg   25.7    44797     24.7    49      136     4       0       1       5       10      72      
day3_63700_0101.jpg   25.7    43898     24.9    59      141     4       1       1       8       9       72      
day3_63700_0102.jpg   24.1    44045     23.2    89      139     4       1       1       8       9       72      
day3_63700_0103.jpg   24.1    44045     23.2    89      139     4       1       1       8       9       72      
day3_63700_0104.jpg   24.1    44018     23.2    89      140     4       1       1       8       9       72      
day3_63700_0105.jpg   24.1    44018     23.2    89      140     4       1       1       8       9       72      
day3_63700_0106.jpg   24.1    44057     23.2    89      139     4       1       1       8       9       72      
day3_63700_0107.jpg   24.1    44057     23.2    89      139     4       1       1       8       9       72      
day3_63700_0108.jpg   24.1    44036     23.2    89      139     4       1       1       8       9       72      
day3_63700_0109.jpg   24.1    44036     23.2    89      139     4       1       1       8       9       72      
day3_63700_0110.jpg   24.1    44036     23.2    89      139     4       1       1       8       9       72      
day3_63700_0111.jpg   24.6    43878     23.7    48      138     3       1       2       7       9       70      
day3_63700_0112.jpg   24.5    44014     23.6    71      139     3       1       2       7       9       70      
day3_63700_0113.jpg   24.5    44002     23.6    70      139     3       1       2       7       9       70      
day3_63700_0114.jpg   24.4    44226     23.5    42      140     3       1       2       7       9       72      
day3_63700_0115.jpg   24.5    43993     23.6    44      143     3       1       2       7       9       70      
day3_63700_0116.jpg   26.1    44095     25.1    42      143     3       1       2       7       9       70      
day3_63700_0117.jpg   26.1    44095     25.1    42      143     3       1       2       7       9       70      
day3_63700_0118.jpg   26.1    44096     25.1    42      143     3       1       2       7       9       70      
day3_63700_0119.jpg   26.1    44096     25.1    42      143     3       1       2       7       9       70      
day3_63700_0120.jpg   26.1    44077     25.1    42      144     3       1       2       7       9       70      
day3_63700_0121.jpg   24.8    43935     23.8    69      143     3       1       2       7       9       71      
day3_63700_0122.jpg   24.6    44056     23.6    47      141     3       1       2       7       9       69      
day3_63700_0123.jpg   26.1    44078     25.1    46      141     3       1       2       7       9       71      
day3_63700_0124.jpg   24.8    44000     23.9    73      139     3       1       2       7       9       72      
day3_63700_0125.jpg   24.5    44138     23.6    43      140     3       1       2       7       9       70      
day3_63700_0126.jpg   25.7    44054     24.7    46      138     3       1       2       7       9       69      
day3_63700_0127.jpg   24.6    44062     23.6    45      140     3       1       2       7       9       71      
day3_63700_0128.jpg   24.4    45294     23.5    44      140     3       1       1       7       9       70      
day3_63700_0129.jpg   24.1    43808     23.1    43      139     3       1       1       7       9       71      
day3_63700_0130.jpg   24.7    44855     23.7    43      138     4       1       1       7       9       71      
day3_63700_0131.jpg   25.0    44588     24.0    39      137     4       1       1       7       9       73      
day3_63700_0132.jpg   24.6    44148     23.7    39      152     4       1       1       7       9       73      
day3_63700_0133.jpg   24.6    44336     23.6    39      146     4       1       1       7       11      74      
day3_63700_0134.jpg   25.7    44169     24.8    39      170     4       1       1       7       11      73      
day3_63700_0135.jpg   25.3    45930     24.4    41      169     3       1       1       7       11      74      
day3_63700_0136.jpg   22.8    41833     21.9    39      58      3       1       1       7       11      73      
day3_63700_0137.jpg   22.1    41469     21.1    55      49      2       1       0       11      10      73      
day3_63700_0138.jpg   23.4    41396     22.4    68      66      2       1       1       5       11      72      
day3_63700_0139.jpg   24.8    43903     23.9    70      196     2       1       1       5       11      72      
day3_63700_0140.jpg   22.8    39578     21.8    68      65      2       1       1       5       11      72      
day3_63700_0141.jpg   22.7    39734     21.7    78      67      3       1       1       6       8       71      
day3_63700_0142.jpg   23.8    39489     22.8    71      81      3       0       1       6       11      74      
day3_63700_0143.jpg   26.1    43525     25.2    74      189     3       0       1       6       11      75      
day3_63700_0144.jpg   22.4    42626     21.5    59      51      3       0       1       14      7       75      
day3_63700_0145.jpg   22.3    41673     21.4    25      9       3       0       1       13      6       77      
day3_63700_0146.jpg   23.4    43916     22.6    31      128     3       0       1       13      6       74      
day3_63700_0147.jpg   23.9    45476     23.2    30      130     4       0       1       13      5       74      
day3_63700_0148.jpg   23.9    45487     23.2    30      130     4       0       1       13      5       75      
day3_63700_0149.jpg   24.0    45422     23.2    28      127     4       0       1       13      5       75      
day3_63700_0150.jpg   24.0    45439     23.2    28      127     4       0       1       13      5       75      
day3_63700_0151.jpg   23.9    45431     23.2    26      131     4       0       1       13      5       75      
day3_63700_0152.jpg   23.9    45460     23.2    29      132     4       0       1       13      5       75      
day3_63700_0153.jpg   23.9    45431     23.2    26      133     5       0       1       13      5       75      
day3_63700_0154.jpg   23.9    45390     23.2    26      133     5       0       1       13      5       74      
day3_63700_0155.jpg   23.7    45254     22.9    27      134     5       0       1       13      5       74      
day3_63700_0156.jpg   22.6    41903     21.8    24      7       4       0       1       13      5       76      
day3_63700_0157.jpg   24.0    42834     23.1    44      58      4       0       1       10      8       76      
day3_63700_0158.jpg   23.1    42831     22.2    45      59      4       0       1       10      8       74      
day3_63700_0159.jpg   22.2    42777     21.3    61      55      4       0       1       10      6       73      
day3_63700_0160.jpg   22.8    42925     22.0    62      56      4       0       1       9       8       74      
day3_63700_0161.jpg   22.8    42816     21.9    65      58      3       1       0       7       11      71      
day3_63700_0162.jpg   24.0    42706     23.0    64      57      3       1       0       7       11      71      
day3_63700_0163.jpg   24.0    42704     23.1    64      57      3       1       0       7       11      71      
day3_63700_0164.jpg   24.2    42663     23.2    64      57      3       1       0       7       11      71      
day3_63700_0165.jpg   25.0    44289     24.2    60      125     3       1       0       9       7       71      
day3_63700_0166.jpg   23.5    42780     22.5    76      60      3       1       0       8       6       71      
day3_63700_0167.jpg   22.5    42712     21.6    76      61      3       1       0       8       6       71      
day3_63700_0168.jpg   22.6    42634     21.7    44      59      3       1       0       8       10      71      
day3_63700_0169.jpg   22.6    42674     21.7    44      59      3       1       0       8       11      71      
day3_63700_0170.jpg   22.6    42718     21.7    44      59      3       1       0       8       11      71      
day3_63700_0171.jpg   22.5    42682     21.5    51      56      3       1       0       8       7       71      
day3_63700_0172.jpg   23.2    42578     22.3    53      57      3       1       0       8       7       71      
day3_63700_0173.jpg   23.2    42635     22.3    53      57      3       1       0       8       7       71      
day3_63700_0174.jpg   22.9    42168     21.9    49      61      3       1       0       7       8       76      
day3_63700_0175.jpg   22.6    40669     21.7    51      58      3       1       0       6       7       74      
day3_63700_0176.jpg   23.5    42600     22.6    58      55      3       1       0       5       8       72      
day3_63700_0177.jpg   25.2    44384     24.4    103     174     3       1       0       5       8       75      
day3_63700_0178.jpg   22.3    42500     21.4    65      58      3       1       0       5       8       75      
day3_63700_0179.jpg   22.3    42471     21.4    64      59      4       1       0       4       8       76      
day3_63700_0180.jpg   22.3    42490     21.4    64      59      4       1       0       4       8       76      
day3_63700_0181.jpg   22.6    42573     21.7    64      59      3       1       0       4       8       75      
day3_63700_0182.jpg   22.6    42568     21.7    64      59      3       1       0       4       8       75      
day3_63700_0183.jpg   22.4    42514     21.5    64      59      3       1       0       4       8       74      
day3_63700_0184.jpg   23.8    42641     22.9    64      58      3       1       0       4       8       74      
day3_63700_0185.jpg   23.1    42507     22.2    64      58      3       1       0       4       8       74      
day3_63700_0186.jpg   22.6    42367     21.7    63      58      3       1       0       4       8       74      
day3_63700_0187.jpg   22.5    42469     21.6    63      58      3       1       0       4       8       74      
day3_63700_0188.jpg   22.5    42486     21.6    64      58      3       1       0       4       8       74      
day3_63700_0189.jpg   22.5    42506     21.6    64      58      3       1       0       4       8       74      
day3_63700_0190.jpg   22.5    42519     21.6    80      50      4       1       0       5       6       72      
day3_63700_0191.jpg   22.5    42538     21.6    80      52      4       1       0       5       8       72      
day3_63700_0192.jpg   22.5    42549     21.6    80      52      4       1       0       5       8       72      
day3_63700_0193.jpg   22.5    42549     21.6    80      52      4       1       0       5       8       72      
day3_63700_0194.jpg   22.5    42550     21.6    80      52      4       1       0       5       8       72      
day3_63700_0195.jpg   22.5    42530     21.6    80      52      3       1       0       5       6       73      
day3_63700_0196.jpg   22.5    42544     21.6    79      52      4       1       0       5       7       72      
day3_63700_0197.jpg   22.5    42544     21.6    79      52      4       1       0       5       7       72      
day3_63700_0198.jpg   22.5    42557     21.6    79      52      4       1       0       5       7       72      
day3_63700_0199.jpg   22.5    42496     21.6    79      52      4       1       0       5       6       72      
day3_63700_0200.jpg   22.5    42605     21.6    78      55      3       1       0       3       9       72      
day3_63700_0201.jpg   22.5    42595     21.6    78      55      3       1       0       3       9       72      
day3_63700_0202.jpg   22.5    42593     21.6    78      55      3       1       0       3       9       72      
day3_63700_0203.jpg   22.5    42610     21.6    80      55      4       1       0       3       9       72      
day3_63700_0204.jpg   22.5    42597     21.6    79      55      3       1       0       3       8       74      
day3_63700_0205.jpg   22.5    42597     21.6    79      55      3       1       0       3       8       74      
day3_63700_0206.jpg   22.5    42605     21.6    79      54      3       1       0       3       9       73      
day3_63700_0207.jpg   22.5    42622     21.6    80      54      3       1       0       3       9       72      
day3_63700_0208.jpg   22.5    42615     21.6    78      54      3       1       0       3       9       72      
day3_63700_0209.jpg   22.5    42615     21.6    78      54      3       1       0       3       9       72      
day3_63700_0210.jpg   22.5    42598     21.6    77      54      2       1       0       4       8       73      
day3_63700_0211.jpg   22.5    42632     21.6    77      54      2       1       0       4       8       73      
day3_63700_0212.jpg   23.2    42600     22.3    77      54      2       1       0       4       8       74      
day3_63700_0213.jpg   23.7    42280     22.8    74      53      2       1       0       4       8       75      
day3_63700_0214.jpg   23.7    42354     22.8    74      53      2       1       0       4       8       75      
day3_63700_0215.jpg   22.7    42444     21.8    74      53      2       1       0       4       8       75      
day3_63700_0216.jpg   26.3    45353     25.5    106     172     2       1       0       4       8       75      
day3_63700_0217.jpg   22.4    42568     21.6    75      54      2       1       0       4       8       74      
day3_63700_0218.jpg   22.4    42570     21.6    75      54      2       1       0       4       8       74      
