Frame                 Size      Luma    C_B     RedPx   Teal    Blue    Gold    BotR    BotC    WhtAnn  
day2_near_0001.jpg    92626     22.9    22.1    44      54      5       0       10      4       67      
day2_near_0002.jpg    118611    25.0    24.3    52      48      5       3       7       5       69      
day2_near_0003.jpg    142841    24.0    23.3    44      76      5       4       9       9       68      
day2_near_0004.jpg    141546    23.8    23.1    47      77      4       4       11      9       68      
day2_near_0005.jpg    116537    23.3    22.7    90      15      4       4       8       14      69      
day2_near_0006.jpg    97525     23.9    23.2    45      67      4       6       8       10      68      
day2_near_0007.jpg    82066     24.0    23.2    38      66      4       5       10      6       66      
day2_near_0008.jpg    65673     22.8    22.1    79      12      14      0       10      3       66      
day2_near_0009.jpg    62886     24.3    23.6    37      114     6       5       15      7       71      
day2_near_0010.jpg    52997     23.2    22.3    51      99      6       0       3       5       72      
day2_near_0011.jpg    55510     25.5    24.8    52      92      7       3       14      9       76      
day2_near_0012.jpg    53198     25.9    25.2    66      107     5       5       10      6       74      
day2_near_0013.jpg    53330     25.8    25.2    65      97      5       3       14      10      73      
day2_near_0014.jpg    56781     27.1    26.4    84      81      9       3       9       5       74      
day2_near_0015.jpg    56849     26.9    26.2    82      108     6       4       21      5       72      
day2_near_0016.jpg    56210     26.6    25.8    81      97      6       6       11      4       72      
day2_near_0017.jpg    53752     26.6    25.9    75      113     4       5       11      10      73      
day2_near_0018.jpg    52621     25.5    24.9    78      78      6       4       14      9       73      
day2_near_0019.jpg    51036     24.2    23.5    79      75      6       4       14      10      72      
day2_near_0020.jpg    52005     25.7    25.1    54      70      9       4       7       5       73      
day2_near_0021.jpg    51856     24.6    24.0    43      97      8       4       4       6       73      
day2_near_0022.jpg    51549     24.5    23.7    60      70      3       7       8       3       73      
day2_near_0023.jpg    51906     24.5    23.7    57      64      4       5       10      2       76      
day2_near_0024.jpg    51276     24.4    23.8    69      63      5       4       31      2       76      
day2_near_0025.jpg    51213     24.7    24.0    72      160     8       4       5       6       76      
day2_near_0026.jpg    51292     25.7    25.0    72      159     8       4       5       6       75      
day2_near_0027.jpg    51377     24.5    23.8    71      159     8       4       5       6       76      
day2_near_0028.jpg    51215     24.3    23.7    69      155     8       4       5       6       75      
day2_near_0029.jpg    51796     24.2    23.5    60      107     6       0       5       3       76      
day2_near_0030.jpg    50435     24.3    23.6    60      105     8       2       6       3       76      
day2_near_0031.jpg    51713     25.0    24.3    69      147     5       5       7       4       76      
day2_near_0032.jpg    53812     25.3    24.6    95      153     6       6       8       2       76      
day2_near_0033.jpg    52611     25.2    24.5    84      126     7       6       7       2       76      
day2_near_0034.jpg    52206     25.0    24.3    85      116     9       5       7       2       76      
day2_near_0035.jpg    53394     24.8    24.1    71      117     5       5       10      3       76      
day2_near_0036.jpg    51964     24.4    23.8    65      132     5       5       6       2       76      
day2_near_0037.jpg    52052     24.8    24.2    62      135     4       6       6       2       76      
day2_near_0038.jpg    50418     24.4    23.7    61      139     4       6       6       2       76      
day2_near_0039.jpg    50462     24.5    23.8    60      135     4       6       6       2       76      
day2_near_0040.jpg    52494     24.6    23.9    61      139     4       6       6       2       76      
day2_near_0041.jpg    51879     24.9    24.3    60      129     4       6       6       2       76      
day2_near_0042.jpg    51900     25.4    24.8    58      128     4       6       5       2       76      
day2_near_0043.jpg    55012     28.2    27.7    96      183     6       7       3       2       74      
day2_near_0044.jpg    52431     26.9    26.1    70      153     5       8       3       2       74      
day2_near_0045.jpg    54335     27.5    26.9    98      185     5       8       3       2       74      
day2_near_0046.jpg    54587     27.9    27.4    98      175     5       7       3       2       74      
day2_near_0047.jpg    54811     27.7    26.8    71      171     5       6       3       2       74      
day2_near_0048.jpg    54834     28.5    27.6    74      173     5       6       3       2       74      
day2_near_0049.jpg    54825     28.5    27.6    74      173     5       6       3       2       74      
day2_near_0050.jpg    54833     28.5    27.6    74      173     5       6       3       2       74      
day2_near_0051.jpg    54833     28.5    27.6    74      173     5       6       3       2       74      
day2_near_0052.jpg    54825     28.5    27.5    76      170     4       6       2       5       74      
day2_near_0053.jpg    54764     28.6    28.0    66      167     4       7       2       5       74      
day2_near_0054.jpg    54768     28.6    28.0    66      166     4       7       2       5       74      
day2_near_0055.jpg    54680     28.5    27.9    69      165     4       7       3       5       74      
day2_near_0056.jpg    54838     28.5    27.6    72      164     5       6       3       4       74      
day2_near_0057.jpg    54908     28.5    27.6    72      164     5       6       3       4       74      
day2_near_0058.jpg    54876     29.3    28.5    81      156     5       6       3       4       74      
day2_near_0059.jpg    54924     27.9    27.1    90      156     5       6       3       4       75      
day2_near_0060.jpg    54921     28.8    28.0    91      159     5       6       3       4       75      
day2_near_0061.jpg    54780     27.9    27.1    87      160     5       6       3       4       74      
day2_near_0062.jpg    54860     28.1    27.3    108     164     5       6       3       4       74      
day2_near_0063.jpg    54812     28.1    27.3    108     164     5       6       3       4       74      
day2_near_0064.jpg    52487     26.0    25.2    72      137     4       6       3       4       74      
day2_near_0065.jpg    51638     26.2    25.4    44      93      8       7       11      5       74      
day2_near_0066.jpg    55590     28.5    27.5    121     135     8       6       13      3       74      
day2_near_0067.jpg    52047     25.2    24.4    80      71      9       6       11      3       74      
day2_near_0068.jpg    51941     25.0    24.4    60      64      8       4       10      3       74      
day2_near_0069.jpg    53323     24.7    24.1    65      61      8       4       7       3       74      
day2_near_0070.jpg    54127     24.5    23.9    67      39      8       4       11      3       74      
day2_near_0071.jpg    53479     25.0    24.5    71      35      5       5       5       3       74      
day2_near_0072.jpg    52759     26.2    25.6    62      40      9       4       12      3       75      
day2_near_0073.jpg    51665     25.7    25.1    58      31      9       4       11      3       75      
day2_near_0074.jpg    53720     27.4    26.5    64      66      7       4       11      3       75      
day2_near_0075.jpg    53574     26.2    25.2    78      79      5       5       11      3       75      
day2_near_0076.jpg    53621     26.0    25.1    77      78      5       5       11      3       75      
day2_near_0077.jpg    53585     26.0    25.1    76      78      5       5       11      3       75      
day2_near_0078.jpg    53647     26.0    25.1    76      78      5       5       11      3       75      
day2_near_0079.jpg    53585     26.0    25.1    75      78      5       5       11      3       75      
day2_near_0080.jpg    53597     26.5    25.7    75      94      6       3       11      3       75      
day2_near_0081.jpg    54378     26.5    25.8    78      60      5       4       11      3       74      
day2_near_0082.jpg    50238     24.1    23.5    66      39      4       2       11      5       75      
day2_near_0083.jpg    50397     24.4    23.6    56      47      4       5       13      5       75      
day2_near_0084.jpg    48190     23.5    22.7    63      49      3       6       5       6       76      
day2_near_0085.jpg    48080     23.1    22.3    60      46      4       6       5       6       75      
day2_near_0086.jpg    49470     25.7    24.6    50      80      5       1       11      5       75      
day2_near_0087.jpg    49665     25.3    24.5    44      83      8       1       11      5       75      
day2_near_0088.jpg    50293     26.0    25.3    44      87      8       1       11      5       75      
day2_near_0089.jpg    50740     25.8    25.0    47      85      8       1       11      5       75      
day2_near_0090.jpg    50378     26.3    25.8    46      83      8       1       11      5       75      
day2_near_0091.jpg    50245     26.3    25.9    46      97      8       1       10      5       75      
day2_near_0092.jpg    50227     26.5    26.1    53      88      8       1       10      5       75      
day2_near_0093.jpg    48756     24.0    23.3    37      56      5       1       10      5       75      
day2_near_0094.jpg    50390     27.4    26.3    55      92      5       1       10      5       75      
day2_near_0095.jpg    51216     26.7    26.3    50      94      9       1       10      5       75      
day2_near_0096.jpg    48010     24.4    23.7    37      55      5       1       10      5       75      
day2_near_0097.jpg    47987     24.4    23.7    36      50      5       1       10      5       75      
day2_near_0098.jpg    50509     26.5    26.1    60      87      9       1       10      5       75      
day2_near_0099.jpg    50147     26.4    26.0    61      115     9       1       10      5       75      
day2_near_0100.jpg    50182     26.4    26.0    61      90      9       1       10      5       75      
day2_near_0101.jpg    51367     26.6    26.2    61      94      9       1       10      5       75      
day2_near_0102.jpg    47900     24.2    23.5    36      56      7       1       8       4       72      
day2_near_0103.jpg    47954     24.1    23.4    37      55      7       1       8       4       72      
day2_near_0104.jpg    48139     24.7    24.1    47      72      7       1       6       4       72      
day2_near_0105.jpg    49476     26.2    25.5    79      85      6       1       14      7       72      
day2_near_0106.jpg    49343     26.5    25.8    52      80      5       1       13      4       72      
day2_near_0107.jpg    50595     25.7    25.1    75      99      6       5       9       5       72      
day2_near_0108.jpg    49120     25.5    24.9    79      102     6       5       9       5       72      
day2_near_0109.jpg    49287     27.6    27.3    33      66      9       2       10      3       72      
day2_near_0110.jpg    52244     27.2    26.6    64      36      8       3       8       3       72      
day2_near_0111.jpg    53818     26.8    26.3    54      25      8       3       12      3       72      
day2_near_0112.jpg    51954     26.2    25.8    44      22      5       6       9       4       75      
day2_near_0113.jpg    50712     27.1    26.8    52      26      7       3       11      4       75      
day2_near_0114.jpg    50218     27.3    27.0    48      23      6       3       9       4       74      
day2_near_0115.jpg    48414     28.3    28.2    41      25      10      3       10      4       75      
day2_near_0116.jpg    50229     27.4    27.2    24      19      10      3       7       4       75      
day2_near_0117.jpg    48466     28.9    28.8    30      19      4       6       4       4       75      
day2_near_0118.jpg    47737     29.6    29.5    29      19      3       5       3       4       75      
day2_near_0119.jpg    48279     30.1    29.7    57      90      5       6       4       4       75      
day2_near_0120.jpg    48050     30.7    30.3    58      90      4       6       4       4       75      
day2_near_0121.jpg    47922     30.0    29.7    59      90      4       6       4       4       75      
day2_near_0122.jpg    48093     27.9    27.6    61      94      4       6       4       4       75      
day2_near_0123.jpg    48333     26.4    26.0    37      90      6       6       4       4       75      
day2_near_0124.jpg    46019     24.8    24.3    25      19      8       3       5       4       74      
day2_near_0125.jpg    51874     25.6    25.2    32      19      6       5       9       4       74      
day2_near_0126.jpg    51533     25.9    25.4    67      22      6       5       11      4       74      
day2_near_0127.jpg    51886     26.5    26.0    48      28      10      7       13      4       74      
day2_near_0128.jpg    51950     26.4    25.9    63      44      10      7       8       4       74      
day2_near_0129.jpg    51340     26.9    26.5    52      44      10      7       6       4       75      
day2_near_0130.jpg    51294     26.6    26.2    62      43      10      7       7       4       74      
day2_near_0131.jpg    51458     27.9    27.4    62      43      10      7       7       4       74      
day2_near_0132.jpg    51314     26.1    25.7    63      42      10      8       8       6       74      
day2_near_0133.jpg    51165     27.8    27.3    61      41      10      8       8       6       74      
day2_near_0134.jpg    51219     26.5    26.0    64      42      10      8       8       6       74      
day2_near_0135.jpg    51692     27.1    26.6    61      40      8       3       10      6       74      
day2_near_0136.jpg    49836     27.4    27.0    58      31      11      2       20      6       74      
day2_near_0137.jpg    48334     26.4    26.1    58      31      11      2       20      6       74      
day2_near_0138.jpg    48355     26.5    26.1    58      31      11      2       20      6       74      
day2_near_0139.jpg    51517     29.5    29.3    107     37      8       4       8       6       75      
day2_near_0140.jpg    51424     27.5    26.9    57      52      12      3       9       6       75      
day2_near_0141.jpg    51396     27.4    26.8    65      51      12      3       9       6       74      
day2_near_0142.jpg    51212     28.0    27.4    67      71      8       6       6       1       74      
day2_near_0143.jpg    50722     29.7    28.9    45      84      8       6       6       7       74      
day2_near_0144.jpg    48499     27.9    27.2    46      89      8       6       6       7       74      
day2_near_0145.jpg    49582     27.8    27.2    47      60      5       6       8       2       74      
day2_near_0146.jpg    51172     27.0    26.5    49      75      6       6       5       5       74      
day2_near_0147.jpg    50721     26.8    26.3    52      76      6       6       5       5       74      
day2_near_0148.jpg    50788     26.9    26.4    49      75      6       6       5       5       75      
day2_near_0149.jpg    50945     26.8    26.3    50      75      5       6       5       5       75      
day2_near_0150.jpg    51139     26.8    26.3    50      75      5       6       7       5       75      
day2_near_0151.jpg    51103     26.7    26.1    51      75      5       6       7       5       75      
day2_near_0152.jpg    49496     26.7    26.2    52      76      5       8       5       4       75      
day2_near_0153.jpg    51082     26.7    26.1    52      76      5       8       5       4       75      
day2_near_0154.jpg    50995     26.8    26.3    50      74      5       8       7       4       75      
day2_near_0155.jpg    51087     26.7    26.1    54      74      5       8       5       4       75      
day2_near_0156.jpg    50986     26.7    26.1    55      74      5       8       5       5       74      
day2_near_0157.jpg    50986     26.7    26.1    55      74      5       8       5       5       74      
day2_near_0158.jpg    51045     27.0    26.4    55      74      5       8       5       5       73      
day2_near_0159.jpg    51777     27.4    26.9    55      74      5       7       5       5       74      
day2_near_0160.jpg    51477     27.7    27.1    57      75      5       7       6       5       72      
day2_near_0161.jpg    51322     28.4    27.8    53      75      6       9       4       8       71      
day2_near_0162.jpg    51347     27.4    26.8    57      73      6       9       6       8       71      
day2_near_0163.jpg    51098     27.1    26.5    52      76      6       9       5       8       71      
day2_near_0164.jpg    51093     28.1    27.6    51      75      6       9       5       8       71      
day2_near_0165.jpg    50996     26.9    26.3    59      75      6       9       5       8       71      
day2_near_0166.jpg    51395     27.0    26.4    56      76      6       9       7       8       70      
day2_near_0167.jpg    51214     27.3    26.7    59      76      6       9       5       8       72      
day2_near_0168.jpg    51453     27.3    26.8    54      76      6       9       5       8       73      
day2_near_0169.jpg    51378     26.8    26.3    61      75      6       9       6       8       73      
day2_near_0170.jpg    51670     27.0    26.4    61      75      6       9       5       8       74      
day2_near_0171.jpg    52294     28.3    28.3    45      72      9       7       1       8       73      
day2_near_0172.jpg    51138     27.0    26.4    51      73      9       8       1       8       73      
day2_near_0173.jpg    51321     27.0    26.4    53      73      10      8       2       8       73      
day2_near_0174.jpg    50542     27.1    26.5    54      72      9       8       1       8       74      
day2_near_0175.jpg    50527     27.0    26.4    51      72      9       8       1       8       74      
day2_near_0176.jpg    49420     26.7    26.2    58      72      7       6       1       8       72      
day2_near_0177.jpg    51419     28.1    27.6    56      71      5       3       1       8       72      
day2_near_0178.jpg    51564     27.9    27.3    68      52      5       3       4       5       72      
day2_near_0179.jpg    51798     27.9    27.3    60      72      5       3       3       8       72      
day2_near_0180.jpg    52373     27.2    26.6    59      74      5       3       3       8       72      
day2_near_0181.jpg    50488     28.4    27.8    46      62      5       3       8       5       72      
day2_near_0182.jpg    48927     27.6    27.0    46      64      5       3       9       5       72      
day2_near_0183.jpg    50698     28.3    27.6    72      92      5       5       4       10      72      
day2_near_0184.jpg    50823     27.3    26.7    77      72      5       5       2       9       72      
day2_near_0185.jpg    51548     27.9    27.3    76      73      6       5       3       9       72      
day2_near_0186.jpg    49556     27.4    26.7    72      79      6       5       4       9       72      
day2_near_0187.jpg    51064     27.4    26.8    58      74      6       5       6       9       73      
day2_near_0188.jpg    49049     27.9    27.3    46      54      6       5       10      4       72      
day2_near_0189.jpg    47495     27.9    27.3    54      55      6       5       10      4       72      
day2_near_0190.jpg    49482     31.1    29.4    160     102     12      4       10      4       72      
day2_near_0191.jpg    52172     31.9    30.3    176     145     6       4       3       4       72      
day2_near_0192.jpg    51882     33.1    31.4    160     150     11      4       22      6       72      
day2_near_0193.jpg    52078     32.5    30.9    158     153     12      4       22      6       72      
day2_near_0194.jpg    50232     32.6    30.9    162     153     12      4       22      6       72      
day2_near_0195.jpg    51361     33.8    32.2    89      150     12      4       24      6       72      
day2_near_0196.jpg    51525     33.0    31.4    161     160     12      4       24      6       72      
day2_near_0197.jpg    52505     33.3    31.7    163     158     12      4       23      6       73      
day2_near_0198.jpg    51298     32.9    31.3    162     158     12      4       23      6       73      
day2_near_0199.jpg    51295     32.9    31.3    162     158     13      4       23      6       73      
day2_near_0200.jpg    51320     32.9    31.3    162     158     13      4       23      6       73      
day2_near_0201.jpg    51178     32.9    31.2    182     154     13      3       26      5       76      
day2_near_0202.jpg    51146     32.9    31.2    180     154     13      3       26      5       76      
day2_near_0203.jpg    51077     32.9    31.2    181     154     13      3       26      5       76      
day2_near_0204.jpg    51099     32.9    31.2    181     154     13      3       26      5       76      
day2_near_0205.jpg    51137     32.9    31.2    181     155     13      3       26      5       77      
day2_near_0206.jpg    52699     33.4    31.7    186     149     13      3       26      5       75      
day2_near_0207.jpg    52692     33.3    31.6    177     151     11      3       26      5       77      
day2_near_0208.jpg    53166     33.2    31.5    182     151     12      3       26      5       77      
day2_near_0209.jpg    52842     33.2    31.5    190     150     14      3       26      5       77      
day2_near_0210.jpg    52544     33.3    31.6    188     155     10      3       24      5       77      
day2_near_0211.jpg    53467     33.0    31.3    187     155     11      3       25      5       78      
day2_near_0212.jpg    52793     33.1    31.4    187     151     10      3       25      5       76      
day2_near_0213.jpg    52743     33.1    31.4    187     151     10      3       25      5       76      
day2_near_0214.jpg    52822     33.1    31.4    186     151     11      3       25      5       76      
day2_near_0215.jpg    52602     33.7    32.0    113     151     11      3       25      5       76      
day2_near_0216.jpg    51278     33.0    31.3    183     153     11      3       25      5       76      
day2_near_0217.jpg    52706     34.2    32.6    178     153     11      3       25      5       76      
day2_near_0218.jpg    52861     33.1    31.5    179     151     10      3       26      5       76      
day2_near_0219.jpg    52598     33.4    31.7    180     151     10      3       27      5       75      
day2_near_0220.jpg    52575     33.8    32.2    181     154     10      3       28      5       76      
day2_near_0221.jpg    55174     33.0    31.5    161     226     9       3       6       4       74      
day2_near_0222.jpg    57114     31.5    30.2    122     140     9       3       9       11      74      
day2_near_0223.jpg    56994     32.5    31.1    132     232     9       3       3       13      74      
day2_near_0224.jpg    53204     32.6    31.0    148     117     9       3       11      3       74      
day2_near_0225.jpg    53333     32.6    31.0    149     117     10      3       11      3       74      
day2_near_0226.jpg    52806     31.7    30.2    191     117     10      3       11      3       73      
day2_near_0227.jpg    51119     30.6    29.2    93      110     4       4       11      3       74      
day2_near_0228.jpg    50371     30.8    29.8    69      108     4       3       7       4       73      
day2_near_0229.jpg    51097     31.3    30.3    80      115     6       7       10      3       72      
day2_near_0230.jpg    51604     30.5    29.6    80      112     7       2       9       3       72      
day2_near_0231.jpg    51786     31.4    31.2    83      106     7       2       7       4       78      
day2_near_0232.jpg    51064     31.4    31.3    81      109     7       2       7       4       77      
day2_near_0233.jpg    50670     31.7    31.6    76      112     6       7       7       4       76      
day2_near_0234.jpg    50446     30.8    30.6    79      112     11      6       7       4       77      
day2_near_0235.jpg    51341     31.0    30.8    78      106     11      6       7       4       77      
day2_near_0236.jpg    51239     30.8    30.7    73      113     11      6       7       4       75      
day2_near_0237.jpg    50874     29.9    30.1    74      113     11      6       7       4       78      
day2_near_0238.jpg    50700     30.3    30.5    74      114     11      6       7       4       76      
day2_near_0239.jpg    50935     31.1    31.3    74      114     11      6       7       4       76      
day2_near_0240.jpg    50908     31.1    31.3    74      115     11      6       7       4       75      
