Frame                 Size      Luma    C_B     RedPx   Teal    Blue    Gold    BotR    BotC    WhtAnn  
day2_silver_0001.jpg  73604     21.6    20.5    92      125     3       0       9       4       68      
day2_silver_0002.jpg  91926     23.0    21.8    111     178     2       0       10      5       75      
day2_silver_0003.jpg  131091    22.3    21.3    126     161     2       0       7       4       75      
day2_silver_0004.jpg  126477    22.3    21.2    132     161     1       0       7       4       65      
day2_silver_0005.jpg  109415    22.3    21.3    140     153     1       0       6       5       65      
day2_silver_0006.jpg  98500     25.0    24.1    142     132     5       0       12      4       67      
day2_silver_0007.jpg  85587     24.9    24.0    134     130     5       0       12      4       68      
day2_silver_0008.jpg  64710     23.3    22.2    87      229     1       0       8       5       64      
day2_silver_0009.jpg  56939     23.5    22.3    72      225     3       0       10      4       74      
day2_silver_0010.jpg  49846     23.3    22.1    90      187     3       0       5       4       77      
day2_silver_0011.jpg  45990     23.3    22.1    102     182     4       0       6       3       79      
day2_silver_0012.jpg  42256     24.7    23.6    131     158     4       0       4       4       81      
day2_silver_0013.jpg  41828     22.4    21.3    101     145     4       0       5       4       79      
day2_silver_0014.jpg  41485     23.0    21.9    137     161     4       0       8       4       78      
day2_silver_0015.jpg  41499     23.7    22.7    108     154     4       0       7       4       78      
day2_silver_0016.jpg  39950     22.6    21.5    115     154     4       0       7       4       78      
day2_silver_0017.jpg  41415     24.4    23.3    110     151     3       0       9       4       78      
day2_silver_0018.jpg  42409     24.6    23.5    96      141     3       0       14      4       79      
day2_silver_0019.jpg  42520     23.1    22.1    97      143     3       0       12      4       78      
day2_silver_0020.jpg  42884     23.2    22.3    70      97      3       0       5       4       78      
day2_silver_0021.jpg  41082     22.9    21.9    102     110     4       0       4       5       68      
day2_silver_0022.jpg  34985     19.9    19.1    34      13      3       0       7       5       68      
day2_silver_0023.jpg  34957     19.9    19.1    34      13      3       0       7       5       68      
day2_silver_0024.jpg  35977     20.3    19.5    25      7       2       0       6       5       77      
day2_silver_0025.jpg  34615     19.6    18.8    28      4       2       0       7       5       69      
day2_silver_0026.jpg  34418     19.5    18.7    26      4       2       0       11      5       68      
day2_silver_0027.jpg  36494     19.9    19.1    34      7       2       0       16      5       69      
day2_silver_0028.jpg  35852     20.1    19.2    34      5       3       0       5       5       78      
day2_silver_0029.jpg  36517     20.3    19.5    46      14      3       0       5       5       78      
day2_silver_0030.jpg  36528     20.3    19.4    45      12      2       0       6       5       78      
day2_silver_0031.jpg  34987     20.3    19.4    60      12      2       0       6       5       69      
day2_silver_0032.jpg  34983     20.1    19.2    58      15      2       0       16      5       69      
day2_silver_0033.jpg  37621     20.4    19.4    60      18      2       0       12      5       77      
day2_silver_0034.jpg  38009     21.8    20.8    69      43      2       0       10      5       78      
day2_silver_0035.jpg  37957     21.8    20.8    72      45      2       0       15      5       78      
day2_silver_0036.jpg  37898     20.5    19.5    72      44      2       0       18      5       79      
day2_silver_0037.jpg  37949     21.3    20.3    71      44      2       0       18      5       79      
day2_silver_0038.jpg  37898     21.3    20.3    71      44      2       0       15      5       78      
day2_silver_0039.jpg  38022     20.3    19.4    72      45      2       0       18      5       78      
day2_silver_0040.jpg  37779     20.6    19.6    73      44      3       0       18      5       78      
day2_silver_0041.jpg  37666     21.7    20.7    78      43      3       0       14      4       80      
day2_silver_0042.jpg  37998     21.7    20.7    77      46      3       0       14      4       80      
day2_silver_0043.jpg  38030     21.4    20.4    63      51      3       0       9       4       79      
day2_silver_0044.jpg  36327     20.5    19.5    49      45      3       0       9       4       69      
day2_silver_0045.jpg  36218     21.2    20.1    64      77      4       0       2       4       69      
day2_silver_0046.jpg  37860     20.6    19.6    59      25      4       0       10      4       79      
day2_silver_0047.jpg  38128     20.4    19.3    46      54      4       0       24      4       78      
day2_silver_0048.jpg  38431     21.5    20.4    47      56      3       0       24      4       78      
day2_silver_0049.jpg  38201     21.4    20.3    50      56      3       0       25      4       80      
day2_silver_0050.jpg  38440     21.7    20.6    44      55      3       0       27      4       80      
day2_silver_0051.jpg  37981     20.8    19.7    57      56      1       0       21      3       79      
day2_silver_0052.jpg  37960     20.8    19.7    56      56      1       0       21      4       79      
day2_silver_0053.jpg  37951     20.8    19.7    58      56      1       0       21      4       79      
day2_silver_0054.jpg  37922     20.8    19.7    56      56      1       0       20      4       80      
day2_silver_0055.jpg  38493     20.5    19.5    58      56      1       0       20      4       80      
day2_silver_0056.jpg  38211     20.6    19.6    64      55      1       0       21      4       78      
day2_silver_0057.jpg  38186     20.6    19.6    57      56      0       0       20      4       80      
day2_silver_0058.jpg  38215     21.0    20.0    38      73      1       0       45      4       79      
day2_silver_0059.jpg  39451     22.6    21.4    89      122     1       0       13      4       79      
day2_silver_0060.jpg  37354     22.2    20.9    95      123     1       0       16      4       69      
day2_silver_0061.jpg  37478     21.5    20.3    84      93      1       0       19      4       70      
day2_silver_0062.jpg  38725     22.2    21.1    76      105     1       0       8       4       78      
day2_silver_0063.jpg  39304     21.8    20.6    84      104     1       0       11      4       80      
day2_silver_0064.jpg  38845     22.3    21.2    80      100     1       0       10      4       79      
day2_silver_0065.jpg  39035     21.4    20.2    82      95      1       0       16      4       78      
day2_silver_0066.jpg  38728     22.1    21.0    84      86      1       0       23      4       80      
day2_silver_0067.jpg  38636     21.6    20.5    64      86      1       0       22      4       80      
day2_silver_0068.jpg  39031     21.5    20.3    87      86      1       0       22      4       78      
day2_silver_0069.jpg  38986     21.4    20.3    84      86      1       0       22      4       78      
day2_silver_0070.jpg  38600     21.6    20.5    69      86      1       0       22      4       80      
day2_silver_0071.jpg  38644     21.7    20.5    68      89      2       0       21      4       80      
day2_silver_0072.jpg  38612     21.7    20.5    68      89      2       0       21      4       80      
day2_silver_0073.jpg  38609     21.7    20.5    69      89      3       0       22      4       80      
day2_silver_0074.jpg  38625     21.7    20.5    69      89      3       0       23      4       80      
day2_silver_0075.jpg  38719     22.2    21.0    70      89      2       0       21      4       81      
day2_silver_0076.jpg  38730     21.5    20.3    70      90      2       0       21      4       79      
day2_silver_0077.jpg  38668     21.7    20.4    69      90      2       0       21      4       79      
day2_silver_0078.jpg  38953     21.4    20.3    83      89      3       0       22      4       78      
day2_silver_0079.jpg  38622     21.6    20.4    68      89      3       0       19      4       81      
day2_silver_0080.jpg  39023     21.1    20.0    81      83      4       0       18      4       78      
day2_silver_0081.jpg  38894     21.5    20.4    77      81      4       0       19      4       79      
day2_silver_0082.jpg  39159     21.4    20.2    80      84      4       0       18      4       78      
day2_silver_0083.jpg  38874     21.2    20.0    80      82      4       0       18      4       79      
day2_silver_0084.jpg  37028     21.3    20.1    83      83      4       0       18      4       69      
day2_silver_0085.jpg  37000     21.3    20.1    84      83      3       0       18      4       69      
day2_silver_0086.jpg  38810     22.7    21.6    78      78      3       0       15      4       78      
day2_silver_0087.jpg  39034     21.3    20.1    82      83      3       0       15      4       80      
day2_silver_0088.jpg  39600     21.5    20.3    76      83      3       0       15      4       80      
day2_silver_0089.jpg  39453     21.6    20.4    70      83      3       0       15      4       78      
day2_silver_0090.jpg  39565     21.5    20.4    73      84      3       0       17      4       79      
day2_silver_0091.jpg  39989     23.1    22.0    78      83      3       0       18      4       82      
day2_silver_0092.jpg  39963     22.7    21.5    82      82      3       0       18      4       79      
day2_silver_0093.jpg  40038     22.2    21.0    83      83      3       0       18      4       79      
day2_silver_0094.jpg  39762     22.3    21.2    84      83      3       0       18      4       80      
day2_silver_0095.jpg  39022     22.0    20.8    92      82      3       0       19      4       79      
day2_silver_0096.jpg  39099     22.3    21.1    86      81      3       0       18      4       78      
day2_silver_0097.jpg  38917     22.5    21.4    89      81      3       0       30      4       78      
day2_silver_0098.jpg  38670     21.9    20.8    37      46      3       0       19      4       78      
day2_silver_0099.jpg  38705     22.0    20.9    69      74      3       0       19      4       78      
day2_silver_0100.jpg  39120     22.5    21.2    104     97      5       0       11      4       79      
day2_silver_0101.jpg  38959     21.6    20.4    105     99      6       0       13      4       79      
day2_silver_0102.jpg  38870     22.5    21.3    83      95      6       0       20      4       79      
day2_silver_0103.jpg  38895     22.5    21.3    82      95      5       0       21      4       78      
day2_silver_0104.jpg  39043     21.9    20.7    91      97      5       0       21      4       78      
day2_silver_0105.jpg  38930     21.9    20.7    90      95      5       0       21      4       79      
day2_silver_0106.jpg  39482     22.4    21.2    98      95      5       0       21      4       79      
day2_silver_0107.jpg  39611     22.3    21.0    97      97      5       0       21      4       81      
day2_silver_0108.jpg  39017     22.2    21.0    94      97      5       0       21      4       80      
day2_silver_0109.jpg  39628     23.0    21.8    82      92      3       0       18      4       78      
day2_silver_0110.jpg  38782     22.7    21.5    51      74      1       0       16      4       79      
day2_silver_0111.jpg  39708     22.3    21.0    143     140     1       0       14      4       79      
day2_silver_0112.jpg  38115     22.3    20.9    141     140     1       0       13      4       69      
day2_silver_0113.jpg  39256     23.1    21.8    163     100     2       0       15      4       73      
day2_silver_0114.jpg  38782     21.2    20.0    99      70      3       0       23      4       77      
day2_silver_0115.jpg  38854     21.5    20.3    106     70      3       0       25      4       77      
day2_silver_0116.jpg  38872     23.0    21.8    99      69      3       0       25      4       79      
day2_silver_0117.jpg  38871     23.0    21.8    99      69      3       0       25      4       79      
day2_silver_0118.jpg  38986     21.5    20.3    99      72      3       0       24      4       78      
day2_silver_0119.jpg  38992     21.7    20.5    101     74      4       0       24      4       78      
day2_silver_0120.jpg  38980     21.7    20.5    100     74      4       0       24      4       78      
day2_silver_0121.jpg  38980     21.7    20.5    100     74      4       0       24      4       78      
day2_silver_0122.jpg  38962     21.7    20.5    100     74      4       0       24      4       79      
day2_silver_0123.jpg  38962     21.7    20.5    100     74      4       0       24      4       79      
day2_silver_0124.jpg  38980     21.7    20.5    100     74      4       0       24      4       79      
day2_silver_0125.jpg  38969     21.7    20.5    100     74      3       0       24      4       79      
day2_silver_0126.jpg  38972     21.7    20.5    100     74      3       0       25      4       79      
day2_silver_0127.jpg  38916     21.7    20.5    102     74      4       0       25      4       79      
day2_silver_0128.jpg  38964     21.7    20.5    102     74      4       0       25      4       79      
day2_silver_0129.jpg  38949     21.7    20.5    102     74      4       0       24      4       79      
day2_silver_0130.jpg  39081     21.7    20.6    92      76      5       0       19      5       81      
day2_silver_0131.jpg  39081     21.7    20.6    92      76      4       0       19      5       81      
day2_silver_0132.jpg  39081     21.7    20.6    92      76      4       0       19      5       81      
day2_silver_0133.jpg  39081     21.7    20.6    92      76      4       0       19      5       81      
day2_silver_0134.jpg  39073     21.7    20.6    93      76      4       0       20      5       81      
day2_silver_0135.jpg  39088     21.7    20.6    93      76      4       0       19      5       81      
day2_silver_0136.jpg  39073     21.7    20.6    93      76      3       0       19      5       81      
day2_silver_0137.jpg  39098     21.7    20.5    91      76      4       0       19      5       81      
day2_silver_0138.jpg  39079     21.7    20.5    91      76      4       0       19      5       81      
day2_silver_0139.jpg  39081     21.7    20.5    91      76      4       0       19      5       81      
day2_silver_0140.jpg  39094     21.6    20.4    90      70      7       0       16      4       78      
day2_silver_0141.jpg  39085     21.8    20.6    92      70      4       0       16      4       80      
day2_silver_0142.jpg  38884     21.3    20.1    91      70      4       0       17      4       78      
day2_silver_0143.jpg  39064     21.9    20.7    92      69      6       0       17      4       78      
day2_silver_0144.jpg  38834     21.5    20.3    83      69      6       0       17      4       78      
day2_silver_0145.jpg  39004     21.8    20.7    88      74      4       0       17      4       79      
day2_silver_0146.jpg  38732     21.3    20.2    92      64      3       0       11      3       79      
day2_silver_0147.jpg  38728     21.2    20.1    94      67      3       0       11      3       79      
day2_silver_0148.jpg  39204     21.5    20.4    94      66      2       0       11      3       82      
day2_silver_0149.jpg  39327     21.2    20.0    95      67      4       0       11      3       80      
day2_silver_0150.jpg  39105     21.6    20.4    89      67      4       0       11      3       80      
day2_silver_0151.jpg  39095     21.6    20.4    91      66      5       0       11      3       81      
day2_silver_0152.jpg  39605     22.5    21.3    97      65      5       0       11      3       78      
day2_silver_0153.jpg  39660     21.4    20.2    97      68      4       0       14      3       81      
day2_silver_0154.jpg  39663     21.4    20.2    96      68      3       0       13      3       81      
day2_silver_0155.jpg  39340     21.6    20.5    93      66      3       0       13      3       81      
day2_silver_0156.jpg  39810     22.4    21.2    98      65      5       0       13      3       81      
day2_silver_0157.jpg  39619     21.7    20.5    101     67      5       0       13      3       82      
day2_silver_0158.jpg  39467     21.5    20.4    97      66      4       0       13      3       81      
day2_silver_0159.jpg  38835     21.6    20.5    89      74      1       0       24      3       79      
day2_silver_0160.jpg  38750     21.7    20.5    108     66      2       0       17      4       81      
day2_silver_0161.jpg  38768     23.0    21.8    111     66      2       0       16      4       80      
day2_silver_0162.jpg  38921     21.5    20.3    97      70      2       0       11      4       78      
day2_silver_0163.jpg  37040     21.1    19.9    103     70      2       0       13      4       69      
day2_silver_0164.jpg  38778     21.3    20.2    100     71      0       0       14      4       78      
day2_silver_0165.jpg  38880     21.1    20.0    105     71      1       0       14      4       78      
day2_silver_0166.jpg  38814     21.0    19.8    105     71      1       0       14      4       79      
day2_silver_0167.jpg  38929     21.2    20.0    104     71      1       0       15      4       79      
day2_silver_0168.jpg  40019     22.7    21.4    78      69      1       0       15      4       78      
day2_silver_0169.jpg  40204     21.7    20.4    89      71      2       0       13      4       79      
day2_silver_0170.jpg  40065     22.9    21.7    104     72      3       0       17      2       82      
day2_silver_0171.jpg  40159     21.3    20.0    115     70      2       0       15      2       80      
day2_silver_0172.jpg  39979     22.5    21.3    94      71      3       0       14      2       81      
day2_silver_0173.jpg  38119     21.6    20.3    102     72      3       0       14      2       76      
day2_silver_0174.jpg  39892     21.6    20.2    103     72      2       0       16      2       71      
day2_silver_0175.jpg  40032     21.5    20.2    96      72      2       0       15      2       80      
day2_silver_0176.jpg  38113     21.6    20.3    102     72      2       0       15      2       71      
day2_silver_0177.jpg  39796     22.3    21.0    101     72      2       0       12      2       71      
day2_silver_0178.jpg  39780     21.8    20.5    105     71      0       0       13      2       80      
day2_silver_0179.jpg  38106     21.5    20.2    112     71      2       0       13      2       71      
day2_silver_0180.jpg  38130     21.6    20.3    114     71      1       0       13      2       71      
day2_silver_0181.jpg  37322     23.0    27.7    7       0       38      0       5       2       73      
day2_silver_0182.jpg  37354     22.4    27.0    6       0       37      0       5       2       79      
day2_silver_0183.jpg  37334     22.5    27.2    5       0       39      0       5       2       80      
day2_silver_0184.jpg  37352     23.3    28.0    5       0       38      0       5       2       79      
day2_silver_0185.jpg  37338     23.3    28.0    5       0       38      0       5       2       79      
day2_silver_0186.jpg  37585     22.4    27.1    5       0       38      0       5       2       80      
day2_silver_0187.jpg  37397     22.4    27.1    7       0       38      0       5       2       80      
day2_silver_0188.jpg  37329     22.4    27.1    7       0       39      0       5       2       80      
day2_silver_0189.jpg  37357     23.7    28.4    5       0       41      0       4       3       81      
day2_silver_0190.jpg  37099     23.7    28.4    6       0       39      0       4       3       81      
day2_silver_0191.jpg  37218     23.4    28.1    6       0       35      0       3       4       80      
day2_silver_0192.jpg  37028     22.9    27.5    5       0       36      0       3       4       80      
day2_silver_0193.jpg  37471     24.3    28.9    5       0       35      0       3       4       81      
day2_silver_0194.jpg  37300     23.1    27.7    6       0       34      0       3       4       79      
day2_silver_0195.jpg  37426     22.5    27.1    5       0       33      0       3       4       79      
day2_silver_0196.jpg  37608     23.2    27.8    5       0       33      0       3       4       80      
day2_silver_0197.jpg  38471     23.9    28.6    6       0       38      0       3       4       79      
day2_silver_0198.jpg  37108     22.4    27.0    6       0       38      0       4       4       79      
day2_silver_0199.jpg  35675     22.4    27.0    7       0       38      0       4       4       70      
day2_silver_0200.jpg  35684     22.4    27.0    7       0       38      0       5       4       70      
day2_silver_0201.jpg  40113     22.1    20.8    84      73      1       0       17      4       78      
day2_silver_0202.jpg  39653     21.6    20.3    82      74      2       0       17      4       81      
day2_silver_0203.jpg  40024     21.5    20.3    73      73      2       0       15      4       79      
day2_silver_0204.jpg  40246     21.7    20.3    83      74      2       0       14      4       78      
day2_silver_0205.jpg  39671     21.8    20.5    77      68      2       0       20      4       78      
day2_silver_0206.jpg  39829     21.9    20.5    90      74      3       0       25      4       78      
day2_silver_0207.jpg  39686     21.8    20.4    84      73      3       0       21      4       78      
day2_silver_0208.jpg  39975     21.6    20.3    83      73      2       0       21      4       79      
day2_silver_0209.jpg  39864     21.5    20.2    86      74      2       0       23      4       78      
day2_silver_0210.jpg  39797     22.5    21.1    81      68      1       0       22      4       78      
day2_silver_0211.jpg  39814     21.6    20.2    80      72      1       0       21      4       78      
day2_silver_0212.jpg  39809     21.6    20.2    80      72      1       0       22      4       78      
day2_silver_0213.jpg  39809     21.6    20.2    80      72      1       0       22      4       78      
day2_silver_0214.jpg  39797     21.5    20.2    80      72      2       0       22      4       78      
day2_silver_0215.jpg  39794     21.5    20.2    80      72      2       0       21      4       78      
day2_silver_0216.jpg  39812     21.6    20.2    79      72      2       0       21      4       78      
day2_silver_0217.jpg  39861     21.6    20.2    79      72      2       0       22      4       78      
day2_silver_0218.jpg  39861     21.6    20.2    79      72      2       0       22      4       78      
day2_silver_0219.jpg  39723     21.5    20.1    81      70      1       0       25      4       79      
day2_silver_0220.jpg  39722     21.5    20.1    81      70      1       0       25      4       79      
day2_silver_0221.jpg  39724     22.9    21.5    83      67      1       0       25      4       79      
day2_silver_0222.jpg  39773     22.9    21.5    86      69      1       0       25      4       79      
day2_silver_0223.jpg  39782     21.6    20.3    86      72      2       0       25      4       80      
day2_silver_0224.jpg  39784     21.6    20.3    86      72      2       0       25      4       80      
day2_silver_0225.jpg  39745     22.5    21.2    102     69      2       0       30      4       79      
day2_silver_0226.jpg  39718     21.7    20.4    97      71      1       0       30      4       80      
day2_silver_0227.jpg  39687     21.7    20.3    102     72      2       0       29      4       80      
day2_silver_0228.jpg  39707     21.7    20.3    102     72      2       0       25      4       80      
day2_silver_0229.jpg  39901     21.8    20.4    107     72      2       0       26      5       78      
day2_silver_0230.jpg  39888     21.8    20.4    107     72      2       0       27      5       78      
day2_silver_0231.jpg  39888     21.8    20.4    107     72      2       0       26      5       78      
day2_silver_0232.jpg  39888     21.8    20.4    107     72      2       0       26      5       78      
day2_silver_0233.jpg  39894     21.8    20.4    108     72      2       0       26      5       78      
day2_silver_0234.jpg  40080     22.1    20.7    101     72      2       0       26      5       78      
day2_silver_0235.jpg  39859     21.9    20.6    101     86      2       0       11      5       78      
day2_silver_0236.jpg  39710     23.2    21.9    96      80      1       0       11      5       78      
day2_silver_0237.jpg  39603     22.7    21.4    94      84      2       0       11      5       80      
day2_silver_0238.jpg  39640     22.6    21.4    93      79      2       0       11      5       78      
day2_silver_0239.jpg  39813     22.6    21.2    106     86      2       0       11      5       78      
day2_silver_0240.jpg  39658     21.9    20.6    102     86      2       0       11      5       81      
day2_silver_0241.jpg  39558     22.8    21.5    92      81      1       0       11      5       80      
day2_silver_0242.jpg  39642     23.4    22.1    98      83      1       0       11      5       79      
day2_silver_0243.jpg  39646     23.4    22.1    97      83      1       0       11      5       79      
day2_silver_0244.jpg  39528     22.9    21.7    93      81      1       0       11      5       79      
day2_silver_0245.jpg  39707     21.9    20.6    99      84      1       0       11      5       81      
day2_silver_0246.jpg  39710     22.1    20.8    101     85      1       0       11      5       79      
day2_silver_0247.jpg  39533     22.1    20.8    91      85      1       0       11      5       78      
day2_silver_0248.jpg  39644     22.9    21.6    90      83      1       0       11      5       79      
day2_silver_0249.jpg  39539     21.9    20.6    103     88      2       0       10      4       80      
day2_silver_0250.jpg  39541     22.7    21.4    101     86      2       0       10      4       80      
day2_silver_0251.jpg  39567     22.7    21.4    101     86      2       0       10      4       80      
day2_silver_0252.jpg  39564     22.7    21.4    103     86      2       0       10      4       80      
day2_silver_0253.jpg  39459     22.1    20.7    102     86      3       0       10      4       81      
day2_silver_0254.jpg  39388     22.0    20.6    102     86      3       0       10      4       81      
day2_silver_0255.jpg  39564     21.9    20.5    103     85      3       0       10      4       81      
day2_silver_0256.jpg  39555     21.9    20.5    104     86      3       0       10      4       81      
day2_silver_0257.jpg  39531     22.9    21.6    102     85      3       0       10      4       81      
day2_silver_0258.jpg  39591     23.0    21.6    100     85      3       0       10      4       81      
day2_silver_0259.jpg  39661     22.0    20.7    82      86      2       0       10      4       79      
day2_silver_0260.jpg  39554     22.1    20.9    81      87      2       0       10      4       79      
day2_silver_0261.jpg  39537     22.1    20.9    79      87      2       0       10      4       79      
day2_silver_0262.jpg  39537     22.1    20.9    79      87      2       0       10      4       79      
day2_silver_0263.jpg  39550     22.1    20.9    79      87      2       0       10      4       79      
day2_silver_0264.jpg  39565     22.1    20.9    81      87      3       0       10      4       79      
day2_silver_0265.jpg  39580     22.1    20.8    81      88      2       0       10      4       79      
day2_silver_0266.jpg  40037     21.8    20.5    86      88      2       0       10      4       70      
day2_silver_0267.jpg  37886     21.9    20.6    92      88      2       0       10      4       70      
day2_silver_0268.jpg  37892     21.9    20.6    95      88      2       0       10      4       69      
day2_silver_0269.jpg  37896     21.9    20.6    95      88      2       0       10      4       69      
day2_silver_0270.jpg  37898     21.9    20.6    93      88      1       0       10      4       69      
day2_silver_0271.jpg  39917     23.2    21.8    106     86      1       0       10      4       78      
day2_silver_0272.jpg  39806     21.8    20.5    106     88      3       0       10      4       78      
day2_silver_0273.jpg  39655     22.0    20.8    97      89      3       0       10      4       80      
day2_silver_0274.jpg  39557     22.1    20.8    95      87      1       0       10      4       78      
day2_silver_0275.jpg  39484     22.1    20.8    96      87      1       0       10      4       81      
day2_silver_0276.jpg  39848     23.2    21.9    104     84      3       0       10      4       78      
day2_silver_0277.jpg  39897     21.7    20.4    106     85      3       0       9       4       80      
day2_silver_0278.jpg  39738     22.8    21.6    102     84      1       0       11      3       79      
day2_silver_0279.jpg  39622     23.2    22.0    99      86      1       0       11      3       80      
day2_silver_0280.jpg  39490     22.0    20.7    98      86      0       0       10      3       81      
day2_silver_0281.jpg  39662     22.7    21.4    104     84      0       0       10      3       78      
day2_silver_0282.jpg  39395     21.9    20.7    96      86      0       0       10      3       79      
day2_silver_0283.jpg  39696     22.8    21.5    100     88      1       0       10      3       78      
day2_silver_0284.jpg  39306     22.9    21.6    107     86      1       0       10      3       79      
day2_silver_0285.jpg  39349     22.9    21.6    107     86      0       0       10      3       79      
day2_silver_0286.jpg  39349     22.9    21.6    107     86      0       0       10      3       79      
day2_silver_0287.jpg  39364     22.9    21.6    107     86      0       0       10      3       79      
day2_silver_0288.jpg  39504     22.9    21.6    102     83      1       0       9       3       79      
day2_silver_0289.jpg  39851     23.3    22.0    105     83      2       0       10      3       79      
day2_silver_0290.jpg  39716     22.8    21.6    100     82      2       0       10      3       79      
day2_silver_0291.jpg  39745     22.1    20.8    106     84      2       0       10      3       80      
day2_silver_0292.jpg  39323     22.7    21.4    106     82      2       0       9       3       79      
day2_silver_0293.jpg  39670     22.0    20.6    107     84      2       0       9       3       80      
day2_silver_0294.jpg  39590     23.3    22.0    97      81      2       0       9       3       81      
day2_silver_0295.jpg  41210     22.9    21.4    114     134     2       0       2       3       78      
day2_silver_0296.jpg  40690     23.0    21.5    120     134     3       0       2       3       78      
day2_silver_0297.jpg  40716     23.0    21.4    124     133     3       0       2       3       79      
day2_silver_0298.jpg  40613     22.9    21.3    121     133     3       0       2       3       79      
day2_silver_0299.jpg  40658     24.4    22.8    121     131     3       0       2       3       79      
day2_silver_0300.jpg  40951     23.0    21.4    119     134     3       0       2       3       78      
day2_silver_0301.jpg  41183     22.9    21.4    119     134     3       0       8       3       78      
day2_silver_0302.jpg  40647     23.0    21.5    120     135     2       0       3       4       79      
day2_silver_0303.jpg  41332     22.7    21.2    116     135     2       0       3       4       79      
day2_silver_0304.jpg  40953     23.9    22.3    115     127     2       0       3       4       78      
day2_silver_0305.jpg  40798     23.4    21.9    119     133     2       0       3       4       78      
day2_silver_0306.jpg  41027     24.2    22.7    117     129     3       0       3       4       79      
day2_silver_0307.jpg  39822     22.4    21.0    62      91      4       0       4       4       79      
day2_silver_0308.jpg  40047     23.1    21.7    113     88      4       0       29      3       78      
day2_silver_0309.jpg  39874     23.1    21.7    114     86      2       0       29      3       78      
day2_silver_0310.jpg  39944     22.9    21.5    119     89      2       0       29      3       80      
day2_silver_0311.jpg  39603     22.0    20.7    115     87      2       0       30      3       81      
day2_silver_0312.jpg  39881     23.4    22.0    115     88      2       0       30      3       80      
day2_silver_0313.jpg  39733     22.6    21.3    113     87      1       0       27      3       78      
day2_silver_0314.jpg  39696     22.3    20.9    114     87      1       0       25      3       79      
day2_silver_0315.jpg  39595     22.3    20.9    118     86      1       0       25      3       79      
day2_silver_0316.jpg  39818     22.2    20.8    111     88      3       0       28      3       79      
day2_silver_0317.jpg  39828     21.9    20.6    113     88      1       0       28      3       79      
day2_silver_0318.jpg  39876     23.0    21.6    128     90      3       0       24      4       77      
day2_silver_0319.jpg  39989     22.0    20.6    130     88      3       0       23      4       78      
day2_silver_0320.jpg  39949     21.9    20.5    132     91      3       0       23      4       77      
day2_silver_0321.jpg  39665     22.3    20.9    133     93      3       0       22      4       78      
day2_silver_0322.jpg  39929     21.9    20.5    127     92      2       0       22      4       77      
day2_silver_0323.jpg  39916     21.9    20.5    127     91      2       0       22      4       77      
day2_silver_0324.jpg  39832     22.5    21.2    137     93      2       0       23      4       78      
day2_silver_0325.jpg  39862     22.1    20.7    141     93      3       0       23      4       78      
day2_silver_0326.jpg  39915     22.1    20.6    135     92      3       0       24      4       78      
day2_silver_0327.jpg  39807     22.3    20.8    138     93      4       0       23      4       79      
day2_silver_0328.jpg  39897     22.3    20.8    136     90      4       0       23      4       78      
day2_silver_0329.jpg  40043     22.3    20.8    132     89      4       0       26      4       77      
day2_silver_0330.jpg  39898     22.1    20.7    128     91      2       0       26      4       77      
day2_silver_0331.jpg  39935     21.8    20.4    127     91      2       0       26      4       77      
day2_silver_0332.jpg  39893     23.3    21.9    127     87      2       0       25      4       80      
day2_silver_0333.jpg  39477     22.1    20.8    117     92      2       0       20      4       70      
day2_silver_0334.jpg  39795     22.2    20.8    127     92      2       0       23      4       79      
day2_silver_0335.jpg  39885     22.1    20.7    121     90      2       0       23      4       78      
day2_silver_0336.jpg  39946     23.4    22.0    119     91      2       0       23      4       77      
day2_silver_0337.jpg  39882     22.1    20.7    119     89      1       0       23      4       80      
day2_silver_0338.jpg  40008     22.0    20.6    124     91      1       0       23      4       81      
day2_silver_0339.jpg  40367     21.9    20.4    124     89      3       0       26      4       79      
day2_silver_0340.jpg  40074     21.8    20.4    119     88      3       0       24      4       81      
day2_silver_0341.jpg  39534     23.1    21.6    116     88      3       0       24      4       80      
day2_silver_0342.jpg  39766     22.2    20.8    110     89      3       0       24      4       81      
day2_silver_0343.jpg  39894     22.1    20.7    116     89      3       0       26      4       80      
day2_silver_0344.jpg  40213     23.2    21.8    120     87      3       0       26      4       79      
day2_silver_0345.jpg  40024     22.0    20.5    124     87      3       0       27      4       79      
day2_silver_0346.jpg  39808     22.4    20.9    118     89      3       0       27      4       79      
day2_silver_0347.jpg  39512     23.1    21.7    117     88      1       0       27      4       80      
day2_silver_0348.jpg  39927     21.9    20.5    130     89      2       0       23      2       79      
day2_silver_0349.jpg  39894     21.9    20.5    129     90      2       0       23      2       79      
day2_silver_0350.jpg  39338     23.1    21.7    126     90      2       0       23      2       80      
day2_silver_0351.jpg  40129     22.2    20.8    127     89      2       0       25      2       79      
day2_silver_0352.jpg  39787     22.2    20.8    130     90      2       0       25      2       79      
day2_silver_0353.jpg  39935     22.2    20.8    129     90      2       0       24      2       77      
day2_silver_0354.jpg  40460     23.5    22.0    98      101     2       0       9       2       78      
day2_silver_0355.jpg  40129     22.4    21.1    84      88      1       0       17      2       78      
day2_silver_0356.jpg  38596     22.1    20.6    90      88      2       0       16      2       78      
day2_silver_0357.jpg  41870     22.4    21.0    84      88      3       0       16      2       80      
day2_silver_0358.jpg  40039     22.4    21.1    88      88      4       0       17      2       80      
day2_silver_0359.jpg  39633     22.0    20.6    95      79      4       0       16      2       70      
day2_silver_0360.jpg  41414     22.0    20.7    89      74      3       0       10      2       68      
day2_silver_0361.jpg  41413     22.0    20.7    90      74      3       0       10      2       68      
day2_silver_0362.jpg  41417     22.0    20.7    90      74      3       0       10      2       68      
day2_silver_0363.jpg  41677     21.9    20.6    80      74      2       0       9       2       79      
day2_silver_0364.jpg  41563     21.9    20.5    84      74      2       0       10      2       68      
day2_silver_0365.jpg  39590     21.9    20.5    89      73      3       0       9       2       68      
day2_silver_0366.jpg  40111     22.7    21.3    96      98      3       0       18      2       70      
day2_silver_0367.jpg  40168     23.2    21.6    133     149     0       0       10      2       69      
day2_silver_0368.jpg  41902     23.9    22.3    119     151     3       0       8       4       79      
day2_silver_0369.jpg  39797     23.2    21.6    99      124     3       0       3       4       81      
day2_silver_0370.jpg  39799     23.2    21.7    118     123     3       0       6       4       71      
day2_silver_0371.jpg  41779     22.1    20.8    125     60      3       0       12      4       74      
day2_silver_0372.jpg  41067     21.0    20.0    52      21      3       0       60      4       80      
day2_silver_0373.jpg  41486     22.0    20.9    52      21      4       0       60      4       79      
day2_silver_0374.jpg  41284     20.7    19.6    50      22      4       0       53      5       80      
day2_silver_0375.jpg  41511     20.9    19.8    56      19      4       0       55      4       78      
day2_silver_0376.jpg  41248     20.7    19.6    55      22      4       0       52      4       78      
day2_silver_0377.jpg  41460     20.7    19.6    47      22      3       0       40      3       79      
day2_silver_0378.jpg  41493     20.7    19.5    55      22      3       0       43      3       79      
day2_silver_0379.jpg  41811     23.5    22.2    148     70      3       0       24      3       81      
day2_silver_0380.jpg  41700     21.9    20.5    157     67      2       0       24      3       81      
day2_silver_0381.jpg  41800     23.0    21.7    155     70      1       0       25      3       80      
day2_silver_0382.jpg  42081     23.8    22.6    65      97      1       0       31      3       80      
day2_silver_0383.jpg  38970     21.4    20.1    70      52      2       0       26      3       72      
day2_silver_0384.jpg  37684     22.6    21.2    93      103     2       0       21      3       70      
day2_silver_0385.jpg  39261     22.7    21.2    120     127     2       0       26      3       73      
day2_silver_0386.jpg  39176     23.1    21.5    132     136     2       0       26      3       71      
day2_silver_0387.jpg  41533     25.4    23.6    181     200     2       0       27      3       70      
day2_silver_0388.jpg  44337     26.9    25.0    205     290     2       0       23      3       77      
day2_silver_0389.jpg  41155     25.0    23.1    182     212     4       0       24      3       79      
day2_silver_0390.jpg  39300     25.0    23.1    204     213     4       0       24      3       70      
day2_silver_0391.jpg  43029     25.3    22.9    229     229     5       0       28      3       71      
day2_silver_0392.jpg  42804     25.5    23.2    219     229     5       0       28      3       78      
day2_silver_0393.jpg  43160     24.6    22.4    156     174     4       0       20      3       79      
day2_silver_0394.jpg  41198     24.7    22.6    111     173     4       0       6       3       79      
day2_silver_0395.jpg  41240     25.1    22.9    157     173     4       0       6       3       79      
day2_silver_0396.jpg  41289     25.3    23.1    155     173     4       0       6       3       78      
day2_silver_0397.jpg  41472     25.7    23.6    143     170     3       0       6       4       79      
day2_silver_0398.jpg  40819     25.4    23.3    111     170     3       0       6       4       79      
day2_silver_0399.jpg  41021     24.6    22.5    145     169     3       0       10      4       79      
day2_silver_0400.jpg  41169     24.2    22.1    132     169     3       0       10      4       78      
day2_silver_0401.jpg  41174     24.6    22.5    147     169     4       0       8       4       79      
day2_silver_0402.jpg  41009     25.8    23.6    113     169     3       0       6       4       79      
day2_silver_0403.jpg  41080     24.7    22.5    113     169     3       0       4       4       79      
day2_silver_0404.jpg  41152     25.6    23.5    141     169     3       0       5       4       79      
day2_silver_0405.jpg  39418     24.3    22.1    150     169     3       0       5       4       69      
day2_silver_0406.jpg  37864     23.6    22.0    164     183     5       0       5       4       69      
day2_silver_0407.jpg  39601     25.2    23.2    272     232     4       0       2       4       79      
day2_silver_0408.jpg  38855     27.1    24.8    324     242     4       0       23      4       80      
day2_silver_0409.jpg  37087     26.2    23.8    346     242     4       0       23      4       69      
day2_silver_0410.jpg  39911     24.2    22.1    246     134     3       0       21      4       70      
day2_silver_0411.jpg  40075     24.0    22.0    203     134     3       0       18      4       78      
day2_silver_0412.jpg  42068     23.9    22.1    189     161     2       0       16      4       78      
day2_silver_0413.jpg  42599     26.0    24.1    272     152     4       0       13      4       78      
day2_silver_0414.jpg  40565     24.7    22.6    343     141     4       0       42      4       70      
day2_silver_0415.jpg  39565     24.3    22.4    308     133     2       0       22      4       69      
day2_silver_0416.jpg  41450     24.2    22.5    181     121     2       0       18      4       78      
day2_silver_0417.jpg  42478     25.3    23.7    128     209     3       0       28      4       79      
day2_silver_0418.jpg  42453     24.5    22.9    139     212     3       0       30      4       78      
day2_silver_0419.jpg  41360     23.8    22.4    108     177     3       0       25      4       79      
day2_silver_0420.jpg  42155     26.5    24.9    158     202     2       0       16      4       79      
day2_silver_0421.jpg  42136     26.0    24.4    173     202     3       0       18      4       79      
day2_silver_0422.jpg  41001     24.7    23.0    186     202     3       0       18      4       78      
day2_silver_0423.jpg  41783     25.0    23.5    177     199     3       0       18      4       70      
day2_silver_0424.jpg  42480     25.4    23.8    138     198     3       0       18      4       80      
day2_silver_0425.jpg  42304     24.8    23.3    136     199     3       0       18      4       78      
day2_silver_0426.jpg  42573     24.8    23.2    125     201     4       0       18      4       79      
day2_silver_0427.jpg  42555     24.5    22.9    147     223     2       0       23      4       78      
day2_silver_0428.jpg  42330     25.1    23.5    140     222     2       0       23      4       79      
day2_silver_0429.jpg  42174     24.9    23.3    146     222     2       0       23      4       79      
day2_silver_0430.jpg  42375     25.6    24.0    150     222     2       0       23      4       80      
day2_silver_0431.jpg  42098     25.8    24.2    146     222     2       0       23      4       79      
day2_silver_0432.jpg  42410     24.9    23.3    146     222     2       0       23      4       78      
day2_silver_0433.jpg  42263     24.9    23.2    151     222     2       0       23      4       79      
day2_silver_0434.jpg  42150     25.6    23.9    148     222     2       0       23      4       78      
day2_silver_0435.jpg  42093     24.8    23.2    148     222     2       0       23      4       81      
day2_silver_0436.jpg  42112     25.8    24.2    147     222     1       0       23      4       78      
day2_silver_0437.jpg  41975     25.7    24.1    137     230     3       0       20      4       80      
day2_silver_0438.jpg  42060     24.6    23.0    138     230     3       0       20      4       79      
day2_silver_0439.jpg  42048     25.6    24.0    138     230     5       0       20      4       80      
day2_silver_0440.jpg  42023     24.5    23.0    138     230     5       0       19      4       80      
day2_silver_0441.jpg  42103     26.1    24.5    138     230     3       0       19      4       80      
day2_silver_0442.jpg  41950     25.9    24.3    138     229     3       0       19      4       79      
day2_silver_0443.jpg  42451     24.8    23.1    136     229     4       0       19      4       80      
day2_silver_0444.jpg  42644     25.4    23.7    147     229     4       0       16      4       81      
day2_silver_0445.jpg  42373     25.8    24.2    140     226     4       0       21      4       80      
day2_silver_0446.jpg  40621     24.6    22.9    142     228     4       0       21      4       70      
day2_silver_0447.jpg  42203     24.2    22.6    196     179     4       0       9       4       79      
day2_silver_0448.jpg  41513     24.2    22.6    154     181     3       0       9       4       79      
day2_silver_0449.jpg  41893     24.8    23.2    153     138     3       0       5       4       80      
day2_silver_0450.jpg  42000     23.3    21.7    162     138     3       0       5       4       79      
day2_silver_0451.jpg  46298     23.1    21.7    115     113     1       0       5       15      73      
day2_silver_0452.jpg  45112     23.3    21.9    119     114     2       0       13      8       74      
day2_silver_0453.jpg  45085     23.2    21.7    124     114     2       0       15      8       73      
day2_silver_0454.jpg  45961     23.6    22.2    176     153     3       0       5       29      94      
day2_silver_0455.jpg  45095     23.0    21.8    120     161     3       0       7       30      71      
day2_silver_0456.jpg  44321     21.8    20.7    63      100     3       0       10      16      71      
day2_silver_0457.jpg  43166     21.2    20.2    49      47      2       0       12      14      70      
day2_silver_0458.jpg  44472     21.5    20.3    75      64      2       0       6       15      89      
day2_silver_0459.jpg  44641     20.9    20.0    47      58      2       0       14      10      79      
day2_silver_0460.jpg  42200     21.0    20.0    55      58      2       0       13      10      77      
day2_silver_0461.jpg  42393     21.0    20.0    55      58      2       0       13      10      77      
day2_silver_0462.jpg  43201     20.9    20.0    48      56      2       0       15      6       78      
day2_silver_0463.jpg  43775     20.9    19.9    53      58      2       0       14      12      76      
day2_silver_0464.jpg  44093     21.3    20.3    53      58      2       0       15      11      78      
day2_silver_0465.jpg  42722     20.9    19.9    57      64      3       0       11      11      71      
day2_silver_0466.jpg  43956     21.6    20.5    66      89      3       0       8       19      72      
day2_silver_0467.jpg  46112     23.3    21.9    115     102     2       0       10      17      77      
day2_silver_0468.jpg  46000     23.2    21.8    116     102     2       0       10      18      75      
day2_silver_0469.jpg  46015     23.2    21.8    117     102     2       0       10      20      74      
day2_silver_0470.jpg  46239     23.0    21.6    115     102     2       0       11      17      76      
day2_silver_0471.jpg  46687     23.2    21.9    113     100     2       0       13      17      77      
day2_silver_0472.jpg  46609     22.8    21.4    111     101     1       0       11      17      75      
day2_silver_0473.jpg  46685     23.0    21.5    117     101     1       0       12      17      75      
day2_silver_0474.jpg  46449     22.8    21.4    114     101     1       0       9       18      76      
day2_silver_0475.jpg  45587     22.8    21.4    98      101     2       0       9       20      76      
day2_silver_0476.jpg  46329     22.9    21.4    98      101     2       0       11      22      75      
day2_silver_0477.jpg  46817     22.8    21.4    94      101     3       0       11      22      76      
day2_silver_0478.jpg  46436     22.9    21.4    101     103     4       0       14      22      75      
day2_silver_0479.jpg  46469     22.9    21.5    97      103     3       0       10      21      73      
day2_silver_0480.jpg  46439     22.9    21.4    101     103     2       0       12      22      74      
day2_silver_0481.jpg  46165     22.8    21.5    92      103     2       0       10      13      73      
day2_silver_0482.jpg  46560     22.8    21.5    92      103     2       0       8       20      74      
day2_silver_0483.jpg  46508     23.6    22.2    93      104     3       0       10      19      74      
day2_silver_0484.jpg  46281     23.3    21.9    92      104     3       0       12      20      75      
day2_silver_0485.jpg  46011     23.3    21.9    97      104     4       0       9       21      72      
day2_silver_0486.jpg  45695     22.7    21.3    134     97      4       0       5       20      73      
day2_silver_0487.jpg  45660     22.7    21.3    134     97      4       0       5       20      73      
day2_silver_0488.jpg  45608     22.7    21.3    134     97      3       0       7       20      75      
day2_silver_0489.jpg  45347     22.8    21.4    133     97      4       0       7       16      71      
day2_silver_0490.jpg  46625     22.8    21.4    105     97      4       0       8       15      73      
day2_silver_0491.jpg  47029     22.7    21.3    107     97      4       0       7       15      73      
day2_silver_0492.jpg  47058     22.9    21.5    98      89      3       0       8       17      73      
day2_silver_0493.jpg  45201     22.8    21.7    48      54      3       0       13      16      78      
day2_silver_0494.jpg  44878     22.0    20.8    86      69      3       0       13      8       72      
day2_silver_0495.jpg  44612     22.1    21.0    81      69      3       0       12      7       70      
day2_silver_0496.jpg  45042     22.8    21.6    88      71      1       0       14      13      73      
day2_silver_0497.jpg  44433     23.2    22.0    91      70      1       0       14      13      72      
day2_silver_0498.jpg  44540     22.5    21.3    87      72      1       0       14      13      72      
day2_silver_0499.jpg  44721     23.1    21.9    89      70      1       0       15      13      73      
day2_silver_0500.jpg  40598     23.1    21.9    90      74      1       0       19      4       79      
day2_silver_0501.jpg  40672     22.1    20.9    97      75      2       0       19      4       81      
day2_silver_0502.jpg  41853     22.7    21.4    102     124     2       0       22      4       79      
day2_silver_0503.jpg  41461     23.9    22.7    106     122     2       0       20      4       81      
day2_silver_0504.jpg  41789     23.2    21.9    105     122     2       0       20      4       80      
day2_silver_0505.jpg  41801     23.2    21.9    104     122     2       0       21      4       79      
day2_silver_0506.jpg  41749     23.5    22.2    103     124     2       0       22      4       78      
day2_silver_0507.jpg  41384     22.0    20.6    170     82      1       0       33      4       78      
day2_silver_0508.jpg  41683     23.2    21.8    167     84      1       0       33      4       79      
day2_silver_0509.jpg  42449     22.6    21.3    97      100     2       0       39      4       80      
day2_silver_0510.jpg  42004     22.6    21.4    97      98      2       0       41      4       80      
day2_silver_0511.jpg  42377     22.8    21.5    96      98      2       0       40      4       79      
day2_silver_0512.jpg  42271     23.6    22.3    97      97      2       0       40      4       80      
day2_silver_0513.jpg  42398     23.3    22.0    108     98      2       0       39      4       80      
day2_silver_0514.jpg  42406     23.5    22.2    102     98      2       0       41      4       82      
day2_silver_0515.jpg  42645     22.7    21.4    109     99      2       0       40      4       82      
day2_silver_0516.jpg  42654     22.5    21.1    97      97      2       0       40      4       81      
day2_silver_0517.jpg  42254     22.7    21.3    97      98      2       0       40      4       82      
day2_silver_0518.jpg  42542     22.5    21.2    96      98      2       0       40      4       83      
day2_silver_0519.jpg  42418     22.7    21.4    90      98      2       0       40      4       81      
day2_silver_0520.jpg  42406     22.7    21.4    90      98      2       0       40      4       81      
day2_silver_0521.jpg  42407     22.7    21.4    90      98      2       0       40      4       81      
day2_silver_0522.jpg  42413     22.7    21.4    92      98      1       0       40      4       81      
day2_silver_0523.jpg  42412     22.7    21.4    92      98      1       0       40      4       81      
day2_silver_0524.jpg  42336     22.7    21.4    92      98      1       0       40      4       82      
day2_silver_0525.jpg  42542     22.7    21.4    91      98      3       0       40      4       82      
day2_silver_0526.jpg  42479     22.4    21.1    92      98      4       0       39      5       81      
day2_silver_0527.jpg  42556     22.6    21.3    91      98      4       0       42      5       81      
day2_silver_0528.jpg  42287     22.8    21.5    90      98      4       0       42      5       79      
day2_silver_0529.jpg  42287     22.8    21.5    90      98      1       0       41      5       79      
day2_silver_0530.jpg  42291     22.8    21.5    90      98      1       0       40      5       82      
day2_silver_0531.jpg  42301     22.8    21.5    90      98      1       0       40      5       82      
day2_silver_0532.jpg  42288     22.8    21.5    90      98      1       0       40      5       82      
day2_silver_0533.jpg  42272     22.8    21.5    91      98      2       0       40      5       82      
day2_silver_0534.jpg  42261     22.8    21.4    90      98      3       0       40      5       79      
day2_silver_0535.jpg  42282     22.8    21.4    90      98      1       0       39      5       79      
day2_silver_0536.jpg  42575     23.6    22.2    89      98      1       0       39      5       81      
day2_silver_0537.jpg  42290     23.5    22.1    111     98      1       0       42      5       81      
day2_silver_0538.jpg  42113     22.7    21.3    103     99      1       0       42      5       81      
day2_silver_0539.jpg  42170     22.6    21.2    111     99      1       0       42      5       79      
day2_silver_0540.jpg  42188     22.7    21.2    115     99      1       0       42      5       79      
day2_silver_0541.jpg  40425     22.6    21.2    100     99      1       0       42      5       75      
day2_silver_0542.jpg  42192     22.6    21.1    103     98      1       0       38      5       79      
day2_silver_0543.jpg  40308     22.6    21.2    105     99      1       0       43      5       72      
day2_silver_0544.jpg  42104     22.7    21.3    99      98      1       0       42      5       73      
day2_silver_0545.jpg  41991     23.4    22.0    103     99      1       0       39      5       81      
day2_silver_0546.jpg  41989     23.5    22.1    99      103     4       0       40      4       83      
day2_silver_0547.jpg  41989     23.5    22.1    99      103     4       0       40      4       83      
day2_silver_0548.jpg  41995     23.5    22.1    99      103     4       0       41      4       82      
day2_silver_0549.jpg  43466     23.1    21.7    91      103     3       0       41      5       94      
day2_silver_0550.jpg  43313     22.7    21.4    91      103     3       0       42      4       94      
day2_silver_0551.jpg  43040     22.9    21.6    85      99      3       0       42      4       96      
day2_silver_0552.jpg  42373     22.7    21.3    88      101     3       0       40      4       81      
day2_silver_0553.jpg  42354     22.7    21.4    86      101     3       0       41      4       82      
day2_silver_0554.jpg  43163     22.6    21.2    95      101     3       0       40      4       95      
day2_silver_0555.jpg  43245     22.5    21.2    87      99      3       0       42      4       94      
day2_silver_0556.jpg  42641     22.6    21.2    96      127     2       0       9       5       96      
day2_silver_0557.jpg  41352     21.8    20.6    81      68      3       0       17      5       96      
day2_silver_0558.jpg  41856     21.9    20.6    87      74      3       0       14      5       96      
day2_silver_0559.jpg  42309     22.0    20.7    85      81      3       0       17      5       95      
day2_silver_0560.jpg  42189     21.8    20.5    95      81      3       0       15      5       90      
day2_silver_0561.jpg  42263     22.2    20.9    91      80      2       0       15      5       97      
day2_silver_0562.jpg  42767     21.9    20.5    97      80      2       0       15      5       95      
day2_silver_0563.jpg  42517     23.1    21.9    92      76      2       0       16      5       94      
day2_silver_0564.jpg  41470     22.0    20.7    97      80      2       0       16      5       86      
day2_silver_0565.jpg  42132     22.0    20.7    87      79      4       0       16      5       94      
day2_silver_0566.jpg  43042     22.0    20.7    85      81      4       0       16      5       87      
day2_silver_0567.jpg  42655     22.7    21.4    91      80      4       0       16      5       94      
day2_silver_0568.jpg  42911     22.4    21.0    90      80      4       0       16      5       94      
day2_silver_0569.jpg  42990     22.5    21.2    92      80      4       0       16      5       93      
day2_silver_0570.jpg  42228     22.1    20.8    90      80      3       0       16      5       93      
day2_silver_0571.jpg  42225     22.8    21.5    86      80      3       0       18      5       92      
day2_silver_0572.jpg  42252     23.9    22.6    81      81      2       0       18      5       86      
day2_silver_0573.jpg  43087     25.3    23.8    152     135     3       0       29      5       86      
day2_silver_0574.jpg  43339     23.6    22.1    154     136     4       0       31      5       93      
day2_silver_0575.jpg  43759     24.1    22.6    143     141     3       0       31      3       88      
day2_silver_0576.jpg  42389     23.9    22.6    68      91      3       0       18      3       88      
day2_silver_0577.jpg  40654     22.0    20.6    77      92      3       0       19      3       79      
day2_silver_0578.jpg  40621     22.0    20.6    77      92      3       0       19      3       79      
day2_silver_0579.jpg  40628     22.0    20.6    77      92      3       0       19      3       79      
day2_silver_0580.jpg  40608     22.0    20.7    79      92      2       0       19      3       79      
day2_silver_0581.jpg  42323     23.1    21.7    68      92      2       0       19      3       83      
day2_silver_0582.jpg  42239     22.3    21.0    81      92      2       0       18      3       88      
day2_silver_0583.jpg  42308     22.0    20.7    73      100     2       0       20      4       87      
day2_silver_0584.jpg  42542     22.8    21.4    102     90      2       0       24      3       93      
day2_silver_0585.jpg  42026     21.9    20.6    102     85      3       0       27      2       91      
day2_silver_0586.jpg  42196     21.9    20.6    100     86      4       0       28      2       92      
day2_silver_0587.jpg  41939     22.9    21.5    102     86      4       0       28      2       90      
day2_silver_0588.jpg  42060     21.8    20.4    103     86      4       0       28      2       91      
day2_silver_0589.jpg  40194     21.9    20.5    105     86      2       0       27      2       80      
day2_silver_0590.jpg  41805     22.9    21.6    93      84      2       0       25      2       81      
day2_silver_0591.jpg  41877     22.1    20.7    97      85      2       0       25      2       88      
day2_silver_0592.jpg  42927     23.8    22.3    100     86      2       0       26      2       88      
day2_silver_0593.jpg  43262     22.0    20.5    103     86      2       0       27      2       89      
day2_silver_0594.jpg  43593     22.4    20.9    100     87      2       0       27      2       88      
day2_silver_0595.jpg  42695     21.8    20.3    98      86      2       0       23      2       89      
day2_silver_0596.jpg  42795     21.9    20.4    90      87      3       0       27      2       90      
day2_silver_0597.jpg  42431     23.2    21.7    104     85      3       0       30      2       88      
day2_silver_0598.jpg  42801     23.2    21.7    81      84      3       0       27      2       83      
day2_silver_0599.jpg  42916     23.2    21.8    77      85      4       0       27      2       90      
day2_silver_0600.jpg  42651     22.4    21.0    77      78      4       0       27      2       87      
day2_silver_0601.jpg  42738     22.3    20.9    78      80      4       0       27      2       88      
day2_silver_0602.jpg  43360     23.2    21.8    78      76      4       0       30      3       87      
day2_silver_0603.jpg  43431     23.2    21.8    80      85      4       0       31      3       88      
day2_silver_0604.jpg  43483     23.7    22.3    75      85      3       0       30      3       86      
day2_silver_0605.jpg  42875     24.1    22.7    78      86      1       0       27      4       88      
day2_silver_0606.jpg  42769     23.0    21.5    79      88      1       0       27      4       86      
day2_silver_0607.jpg  42715     22.5    21.0    93      88      1       0       28      4       86      
day2_silver_0608.jpg  42614     23.1    21.8    69      80      0       0       19      4       89      
day2_silver_0609.jpg  43137     24.3    22.8    72      80      0       0       19      4       80      
day2_silver_0610.jpg  41013     23.1    21.6    78      80      1       0       19      4       79      
day2_silver_0611.jpg  41224     22.6    21.1    57      80      0       0       19      4       81      
day2_silver_0612.jpg  40971     22.6    21.1    57      82      0       0       19      4       89      
day2_silver_0613.jpg  41119     22.4    20.8    54      80      0       0       19      4       88      
day2_silver_0614.jpg  40672     23.8    22.3    53      79      0       0       19      4       89      
day2_silver_0615.jpg  40911     23.4    23.3    57      79      24      0       21      4       86      
day2_silver_0616.jpg  41781     25.4    23.3    60      80      0       0       22      4       86      
day2_silver_0617.jpg  41408     24.0    22.1    76      80      0       0       16      4       78      
day2_silver_0618.jpg  41686     23.5    21.7    75      80      0       0       14      4       78      
day2_silver_0619.jpg  41234     23.5    21.6    55      80      0       0       14      4       78      
day2_silver_0620.jpg  41310     24.1    22.3    72      80      0       0       15      4       79      
day2_silver_0621.jpg  42166     23.8    21.9    55      80      0       0       17      4       79      
day2_silver_0622.jpg  42390     23.7    21.8    56      80      0       0       17      4       80      
day2_silver_0623.jpg  42327     24.4    22.6    56      80      0       0       19      4       79      
day2_silver_0624.jpg  42389     25.1    23.2    56      80      0       0       18      4       80      
day2_silver_0625.jpg  42357     25.1    23.2    56      80      0       0       17      4       79      
day2_silver_0626.jpg  42353     25.0    23.1    56      80      0       0       16      4       78      
day2_silver_0627.jpg  42274     24.1    22.3    56      81      0       0       21      4       80      
day2_silver_0628.jpg  42268     24.1    22.3    56      81      0       0       21      4       80      
day2_silver_0629.jpg  42268     24.1    22.3    56      81      0       0       21      4       80      
day2_silver_0630.jpg  42271     24.1    22.3    56      81      0       0       21      4       80      
day2_silver_0631.jpg  42372     23.8    22.0    57      81      0       0       15      4       79      
day2_silver_0632.jpg  42264     23.8    22.0    57      81      0       0       14      4       80      
day2_silver_0633.jpg  42382     23.7    21.9    57      81      0       0       24      4       79      
day2_silver_0634.jpg  42179     25.1    23.2    57      81      0       0       24      4       81      
day2_silver_0635.jpg  42182     24.2    22.4    56      82      0       0       16      5       79      
day2_silver_0636.jpg  42147     24.0    22.1    57      83      0       0       18      5       78      
day2_silver_0637.jpg  42224     24.9    23.1    57      83      0       0       18      5       79      
day2_silver_0638.jpg  42081     23.9    22.0    56      83      0       0       19      5       80      
day2_silver_0639.jpg  42195     23.7    21.8    57      82      0       0       18      5       78      
day2_silver_0640.jpg  42180     23.7    21.8    56      84      0       0       18      5       78      
day2_silver_0641.jpg  42150     23.7    21.9    56      84      0       0       16      5       78      
day2_silver_0642.jpg  42109     23.7    21.9    55      84      0       0       17      5       78      
day2_silver_0643.jpg  42196     23.8    21.9    58      83      0       0       16      5       79      
day2_silver_0644.jpg  42218     25.1    23.3    55      82      0       0       17      5       80      
day2_silver_0645.jpg  42221     23.9    22.1    53      81      0       0       15      4       79      
day2_silver_0646.jpg  41925     24.6    22.8    54      81      0       0       15      4       79      
day2_silver_0647.jpg  42001     24.4    22.6    49      81      0       0       14      4       79      
day2_silver_0648.jpg  42327     24.6    22.8    47      81      0       0       16      4       80      
day2_silver_0649.jpg  42292     24.6    22.8    47      81      0       0       19      4       80      
day2_silver_0650.jpg  42284     24.6    22.8    47      81      0       0       19      4       80      
day2_silver_0651.jpg  42318     24.6    22.8    47      81      0       0       20      4       80      
day2_silver_0652.jpg  42349     24.6    22.8    47      81      0       0       15      4       79      
day2_silver_0653.jpg  42490     24.9    23.1    49      79      0       0       15      4       78      
day2_silver_0654.jpg  42305     25.2    23.4    51      77      0       0       16      4       78      
day2_silver_0655.jpg  42762     24.5    23.0    67      77      4       0       20      4       87      
day2_silver_0656.jpg  42671     25.0    23.6    65      80      4       0       18      4       88      
day2_silver_0657.jpg  42393     23.7    22.3    64      67      3       0       33      4       88      
day2_silver_0658.jpg  42982     24.7    23.2    71      81      3       0       17      4       88      
day2_silver_0659.jpg  41485     23.2    21.7    99      84      4       0       12      4       79      
day2_silver_0660.jpg  43199     22.8    21.4    102     73      4       0       9       4       79      
day2_silver_0661.jpg  43361     23.4    21.9    87      89      2       0       27      4       93      
day2_silver_0662.jpg  43545     24.1    22.6    91      86      2       0       23      4       93      
day2_silver_0663.jpg  42933     23.1    21.7    93      84      2       0       24      4       86      
day2_silver_0664.jpg  43624     23.1    21.6    87      87      3       0       24      4       94      
day2_silver_0665.jpg  43392     23.2    21.8    91      88      3       0       27      5       91      
day2_silver_0666.jpg  43037     23.8    22.4    86      90      3       0       25      5       91      
day2_silver_0667.jpg  43093     24.2    22.7    90      84      3       0       25      5       92      
day2_silver_0668.jpg  43267     24.1    22.6    86      91      2       0       21      5       91      
day2_silver_0669.jpg  43056     22.4    21.0    83      84      2       0       23      5       88      
day2_silver_0670.jpg  42670     23.7    22.3    76      82      2       0       24      5       89      
day2_silver_0671.jpg  42580     23.7    22.3    71      84      1       0       23      5       88      
day2_silver_0672.jpg  42351     22.7    21.2    72      84      1       0       23      5       78      
day2_silver_0673.jpg  43145     23.6    22.2    73      84      0       0       25      5       89      
day2_silver_0674.jpg  42968     23.5    22.0    81      89      0       0       25      4       82      
day2_silver_0675.jpg  41915     22.6    21.1    86      85      1       0       25      4       79      
day2_silver_0676.jpg  42123     22.5    21.1    86      86      1       0       25      4       79      
day2_silver_0677.jpg  42305     22.5    21.0    85      86      1       0       25      4       79      
day2_silver_0678.jpg  42230     22.3    20.8    88      86      1       0       25      4       79      
day2_silver_0679.jpg  43321     22.3    20.9    83      84      1       0       23      4       90      
day2_silver_0680.jpg  42131     22.3    20.9    102     67      1       0       20      4       91      
day2_silver_0681.jpg  42414     23.2    21.9    85      75      3       0       17      4       90      
day2_silver_0682.jpg  42190     21.9    20.5    92      76      1       0       17      4       90      
day2_silver_0683.jpg  42704     22.0    20.6    93      76      1       0       14      4       90      
day2_silver_0684.jpg  42405     23.3    21.9    93      76      2       0       15      4       91      
day2_silver_0685.jpg  42865     22.0    20.7    65      77      2       0       13      4       91      
day2_silver_0686.jpg  43232     22.5    21.2    76      104     3       0       22      4       90      
day2_silver_0687.jpg  43427     22.5    21.1    81      104     4       0       20      4       91      
day2_silver_0688.jpg  41175     23.1    21.5    94      120     4       0       8       4       86      
day2_silver_0689.jpg  42829     24.0    22.4    88      120     4       0       9       4       83      
day2_silver_0690.jpg  40967     22.7    21.4    51      72      3       0       8       4       86      
day2_silver_0691.jpg  39343     21.7    20.4    60      72      3       0       8       4       77      
day2_silver_0692.jpg  40671     21.7    20.4    59      72      4       0       11      4       78      
day2_silver_0693.jpg  39097     21.1    20.1    53      72      4       0       8       4       70      
day2_silver_0694.jpg  39040     21.1    20.1    53      54      3       0       30      4       78      
day2_silver_0695.jpg  37216     21.1    20.1    58      53      1       0       29      4       68      
day2_silver_0696.jpg  36934     21.0    19.9    55      46      1       0       17      4       69      
day2_silver_0697.jpg  38891     21.2    20.1    58      47      0       0       12      4       70      
day2_silver_0698.jpg  38573     20.8    19.8    53      36      1       0       14      4       78      
day2_silver_0699.jpg  37865     21.5    20.6    86      92      1       0       8       4       70      
day2_silver_0700.jpg  38668     20.8    19.9    94      122     1       0       9       4       79      
day2_silver_0701.jpg  36585     20.7    19.7    92      122     1       0       9       4       68      
day2_silver_0702.jpg  38830     21.0    20.2    27      51      1       0       3       4       71      
day2_silver_0703.jpg  39445     20.8    19.9    24      79      0       0       6       4       80      
day2_silver_0704.jpg  38421     21.4    20.4    59      148     1       0       5       4       79      
day2_silver_0705.jpg  36822     21.5    20.5    64      148     3       0       6       4       74      
day2_silver_0706.jpg  39718     22.5    21.4    105     225     3       0       16      4       75      
day2_silver_0707.jpg  40236     24.3    23.2    91      246     1       0       7       4       77      
day2_silver_0708.jpg  40268     22.8    21.7    132     201     1       0       4       4       78      
day2_silver_0709.jpg  38344     22.8    21.7    132     199     1       0       4       4       79      
day2_silver_0710.jpg  38238     23.1    22.0    165     220     1       0       8       4       68      
day2_silver_0711.jpg  37634     22.3    21.4    123     185     1       0       4       4       69      
day2_silver_0712.jpg  41564     23.7    22.6    138     309     1       0       4       4       79      
day2_silver_0713.jpg  41411     24.7    23.5    230     303     3       0       4       4       78      
day2_silver_0714.jpg  39451     24.4    23.2    234     305     1       0       4       4       69      
day2_silver_0715.jpg  39451     24.4    23.2    234     305     1       0       4       4       69      
day2_silver_0716.jpg  40966     25.3    24.1    217     305     1       0       3       4       77      
day2_silver_0717.jpg  40950     26.0    24.8    171     303     1       0       4       4       77      
day2_silver_0718.jpg  40974     25.0    23.8    170     305     2       0       4       4       77      
day2_silver_0719.jpg  41422     25.5    24.3    173     305     0       0       4       4       77      
day2_silver_0720.jpg  40992     26.0    24.8    174     303     0       0       4       4       77      
day2_silver_0721.jpg  41115     24.6    23.4    189     305     1       0       4       4       79      
day2_silver_0722.jpg  41206     24.6    23.4    175     307     3       0       3       4       81      
day2_silver_0723.jpg  41153     24.6    23.4    173     306     3       0       4       4       78      
day2_silver_0724.jpg  39916     25.0    23.8    258     398     4       0       2       6       81      
day2_silver_0725.jpg  39718     24.3    23.1    227     332     4       0       2       6       71      
day2_silver_0726.jpg  39773     24.2    23.1    229     319     4       0       2       6       70      
day2_silver_0727.jpg  38527     23.6    22.5    197     279     2       0       2       6       73      
day2_silver_0728.jpg  40024     23.5    22.4    176     238     2       0       2       6       71      
day2_silver_0729.jpg  40047     23.5    22.5    161     237     2       0       4       6       79      
day2_silver_0730.jpg  40153     22.2    21.2    98      174     2       0       7       6       80      
day2_silver_0731.jpg  39952     22.1    21.1    122     171     2       0       6       6       79      
day2_silver_0732.jpg  39969     22.9    21.8    115     201     2       0       5       6       79      
day2_silver_0733.jpg  39856     23.3    22.2    127     208     2       0       3       6       80      
day2_silver_0734.jpg  37975     22.9    21.8    127     212     4       0       2       3       69      
day2_silver_0735.jpg  37922     22.9    21.8    126     212     4       0       2       3       69      
day2_silver_0736.jpg  39949     22.9    21.8    125     212     4       0       2       3       69      
day2_silver_0737.jpg  39411     23.9    22.9    116     208     4       0       2       3       79      
day2_silver_0738.jpg  39927     23.1    21.9    101     200     4       0       2       3       79      
day2_silver_0739.jpg  40176     23.1    21.9    114     204     4       0       2       3       79      
day2_silver_0740.jpg  40711     24.9    23.6    105     188     4       0       2       3       79      
day2_silver_0741.jpg  40828     23.5    22.1    95      190     5       0       2       3       79      
day2_silver_0742.jpg  40956     23.3    22.0    86      193     3       0       2       3       79      
day2_silver_0743.jpg  41375     23.4    22.0    89      191     3       0       2       3       79      
day2_silver_0744.jpg  42042     23.6    22.1    92      192     3       0       2       3       80      
day2_silver_0745.jpg  41997     24.4    22.8    90      193     3       0       1       3       78      
day2_silver_0746.jpg  41983     24.4    22.8    89      193     3       0       1       3       78      
day2_silver_0747.jpg  42038     24.4    22.9    91      193     2       0       1       3       78      
day2_silver_0748.jpg  41750     24.1    22.5    91      192     2       0       2       3       78      
day2_silver_0749.jpg  41921     24.4    22.9    89      194     3       0       2       3       80      
day2_silver_0750.jpg  41963     24.1    22.5    85      193     3       0       2       3       78      
day2_silver_0751.jpg  42273     24.4    22.9    89      195     3       1       2       3       79      
day2_silver_0752.jpg  42936     24.4    22.8    95      192     3       1       2       3       78      
day2_silver_0753.jpg  42546     24.8    23.2    92      192     5       1       2       3       79      
day2_silver_0754.jpg  42109     24.3    22.7    132     207     4       1       3       3       79      
day2_silver_0755.jpg  41969     23.7    22.1    140     209     3       1       3       3       81      
day2_silver_0756.jpg  41299     22.1    20.7    65      131     3       1       5       2       81      
day2_silver_0757.jpg  42460     22.6    21.2    53      139     3       1       7       2       80      
day2_silver_0758.jpg  41946     23.2    21.9    65      138     3       1       7       2       79      
day2_silver_0759.jpg  40387     22.6    21.2    67      137     3       1       7       2       70      
day2_silver_0760.jpg  42114     22.5    21.2    64      137     2       1       7       2       76      
day2_silver_0761.jpg  42067     22.9    21.6    63      135     2       1       8       3       79      
day2_silver_0762.jpg  42108     22.6    21.3    67      137     3       1       8       3       80      
day2_silver_0763.jpg  42325     22.8    21.5    72      137     2       1       7       3       79      
day2_silver_0764.jpg  41970     23.8    22.4    56      130     2       2       7       5       79      
day2_silver_0765.jpg  42155     23.0    21.6    52      130     3       1       7       5       78      
day2_silver_0766.jpg  42124     22.8    21.5    51      131     3       1       7       5       78      
day2_silver_0767.jpg  42397     22.7    21.3    42      117     3       3       7       5       77      
day2_silver_0768.jpg  42158     23.5    22.1    50      131     3       0       6       5       79      
day2_silver_0769.jpg  42531     22.7    21.3    50      119     3       1       6       5       80      
day2_silver_0770.jpg  42096     23.8    22.5    48      131     3       1       6       5       77      
day2_silver_0771.jpg  42138     24.2    22.9    45      129     3       0       6       5       77      
day2_silver_0772.jpg  41764     22.3    20.9    96      145     3       0       5       5       78      
day2_silver_0773.jpg  41452     22.6    21.3    67      135     3       0       4       5       79      
day2_silver_0774.jpg  41494     22.8    21.5    68      133     2       0       3       5       78      
day2_silver_0775.jpg  41552     23.3    22.0    67      133     2       0       3       5       77      
day2_silver_0776.jpg  41747     22.6    21.2    70      135     2       0       3       5       79      
day2_silver_0777.jpg  41839     22.4    21.1    70      134     3       0       3       5       77      
day2_silver_0778.jpg  41969     23.0    21.5    68      120     3       0       3       5       78      
day2_silver_0779.jpg  41932     24.5    23.1    70      120     3       0       3       5       78      
day2_silver_0780.jpg  40069     22.9    21.5    68      120     3       0       3       5       68      
day2_silver_0781.jpg  40005     23.2    22.3    56      129     3       0       4       5       73      
day2_silver_0782.jpg  39543     22.3    21.4    64      135     3       0       4       5       78      
day2_silver_0783.jpg  39739     21.9    20.9    39      132     3       0       6       4       79      
day2_silver_0784.jpg  39724     22.3    21.4    56      137     3       0       7       4       79      
day2_silver_0785.jpg  38091     22.3    21.3    76      185     3       0       4       4       79      
day2_silver_0786.jpg  37897     22.2    21.3    73      185     3       0       4       4       70      
day2_silver_0787.jpg  35817     20.2    19.4    29      10      3       0       6       4       71      
day2_silver_0788.jpg  36084     20.2    19.4    29      10      3       0       6       4       79      
day2_silver_0789.jpg  34154     20.0    19.2    29      10      3       0       6       4       71      
day2_silver_0790.jpg  36051     21.3    20.2    62      59      3       0       12      6       74      
day2_silver_0791.jpg  40166     22.0    21.0    70      52      3       0       7       6       80      
day2_silver_0792.jpg  39564     21.1    20.2    52      26      2       0       10      7       79      
day2_silver_0793.jpg  37311     20.9    20.0    28      30      2       0       13      4       70      
day2_silver_0794.jpg  37250     20.9    20.0    28      30      2       0       13      5       70      
day2_silver_0795.jpg  37209     20.9    20.0    29      30      2       0       13      5       70      
day2_silver_0796.jpg  34821     20.2    19.4    78      0       2       0       23      4       70      
day2_silver_0797.jpg  39217     20.2    19.4    31      45      3       0       6       4       81      
day2_silver_0798.jpg  38826     20.5    19.6    21      63      3       0       10      4       79      
day2_silver_0799.jpg  37028     20.5    19.6    21      63      3       0       10      4       70      
day2_silver_0800.jpg  38550     20.7    19.9    18      63      3       0       10      4       72      
day2_silver_0801.jpg  37344     20.5    19.7    22      63      5       0       10      4       79      
day2_silver_0802.jpg  36082     20.4    19.5    23      64      5       0       13      4       79      
day2_silver_0803.jpg  37672     20.5    19.8    23      69      4       0       8       4       81      
day2_silver_0804.jpg  37800     21.9    21.1    37      92      4       0       4       4       79      
day2_silver_0805.jpg  37792     22.3    21.4    47      102     4       0       8       4       81      
day2_silver_0806.jpg  37745     21.7    20.8    50      105     4       0       8       4       80      
day2_silver_0807.jpg  37722     20.9    20.0    58      106     5       0       7       4       79      
day2_silver_0808.jpg  37857     21.6    20.8    38      103     5       0       4       4       80      
day2_silver_0809.jpg  34815     19.8    18.9    45      0       5       0       14      4       79      
day2_silver_0810.jpg  34180     20.8    19.8    60      0       5       0       22      4       81      
